,system_time,system_total_stopped,system_total_waiting_time,system_mean_waiting_time,system_mean_speed,phase_0,phase_1,phase_10,phase_11,phase_12,phase_13,phase_14,phase_15,phase_2,phase_3,phase_4,phase_5,phase_6,phase_7,phase_8,phase_9
0,0.0,0,0.0,0.0,0.0,0,0,0,0,0,0,0,0,0,0,0,0,0,0,0,0
1,1.0,0,0.0,0.0,13.672561250000001,0,0,0,0,0,0,0,0,0,0,0,0,0,0,0,0
2,2.0,0,0.0,0.0,13.49638115472786,0,0,0,0,0,0,0,0,0,0,0,0,0,0,0,0
3,3.0,0,0.0,0.0,13.866572373566008,0,0,0,0,0,0,0,0,0,0,0,0,0,0,0,0
4,4.0,0,0.0,0.0,13.61220096741254,0,0,0,0,0,0,0,0,0,0,0,0,0,0,0,0
5,5.0,0,0.0,0.0,13.721818388663074,0,0,0,0,0,0,0,0,0,0,0,0,0,0,0,0
6,6.0,0,0.0,0.0,13.2968186481179,0,0,0,0,0,0,0,0,0,0,0,0,0,0,0,0
7,7.0,0,0.0,0.0,13.61001780905906,0,0,0,0,0,0,0,0,0,0,0,0,0,0,0,0
8,8.0,0,0.0,0.0,13.539438433879887,0,0,0,0,0,0,0,0,0,0,0,0,0,0,0,0
9,9.0,0,0.0,0.0,13.441215902494326,0,0,0,0,0,0,0,0,0,0,0,0,0,0,0,0
10,10.0,0,0.0,0.0,13.175108850728346,0,0,0,0,0,0,0,0,0,0,0,0,0,0,0,0
11,11.0,0,0.0,0.0,12.65860108176744,0,0,0,0,0,0,0,0,0,0,0,0,0,0,0,0
12,12.0,0,0.0,0.0,12.024729178092839,0,0,0,0,0,0,0,0,0,0,0,0,0,0,0,0
13,13.0,0,0.0,0.0,12.006935848450878,0,0,0,0,0,0,0,0,0,0,0,0,0,0,0,0
14,14.0,3,3.0,0.075,11.453480526142565,1,0,0,0,0,0,0,0,0,0,1,0,0,0,1,0
15,15.0,4,7.0,0.1590909090909091,11.142624357040853,1,0,0,0,0,0,0,0,0,0,2,0,0,0,1,0
16,16.0,5,12.0,0.2727272727272727,10.625261009224822,2,0,0,0,0,0,0,0,0,0,2,0,0,0,1,0
17,17.0,6,18.0,0.375,10.232936927611345,2,0,0,0,0,0,0,0,0,0,2,0,0,0,2,0
18,18.0,9,27.0,0.5625,9.529202743399935,3,1,0,0,0,0,0,0,0,0,2,0,0,0,3,0
19,19.0,11,38.0,0.6785714285714286,9.6865525161911,3,1,0,0,0,0,0,0,0,0,4,0,0,0,3,0
20,20.0,12,50.0,0.8928571428571429,9.037217503601326,3,1,0,0,0,0,0,0,0,0,4,0,0,0,4,0
21,21.0,15,65.0,1.0833333333333333,8.950633445147417,4,1,0,0,0,0,0,0,0,0,5,0,0,0,5,0
22,22.0,17,82.0,1.3666666666666667,8.556767877281578,5,2,0,0,0,0,0,0,0,0,5,0,0,0,5,0
23,23.0,18,100.0,1.5625,8.304680929578264,5,2,0,0,0,0,0,0,0,0,6,0,0,0,5,0
24,24.0,20,120.0,1.875,7.640347953351679,6,2,0,0,0,0,0,0,0,0,6,0,0,0,6,0
25,25.0,21,141.0,1.9583333333333333,7.611460228190402,7,2,0,0,0,0,0,0,0,0,6,0,0,0,6,0
26,26.0,22,163.0,2.263888888888889,6.9826959881301125,7,2,0,0,0,0,0,0,1,0,6,0,0,0,6,0
27,27.0,27,190.0,2.5,6.821155156043903,8,3,0,0,0,1,0,0,1,0,7,0,0,0,7,0
28,28.0,29,219.0,2.8815789473684212,6.432484130912759,8,3,0,0,0,2,0,0,1,0,8,0,0,0,7,0
29,29.0,33,252.0,3.15,6.485483917133381,9,3,0,0,0,2,0,0,1,0,8,0,0,2,8,0
30,30.0,36,288.0,3.6,6.065630197922802,9,3,0,0,0,3,0,0,1,0,9,0,0,2,9,0
31,31.0,38,326.0,3.7045454545454546,6.304133243364157,9,3,0,0,0,4,0,0,1,0,9,0,0,2,10,0
32,32.0,43,369.0,4.193181818181818,5.823754499172188,11,3,0,0,0,4,0,0,1,0,11,0,0,2,11,0
33,33.0,42,403.0,4.380434782608695,5.674633413544288,11,4,0,0,0,4,0,0,1,0,11,0,0,0,11,0
34,34.0,44,447.0,4.858695652173913,5.135353229529089,12,4,0,0,0,4,0,0,1,0,11,0,0,0,12,0
35,35.0,47,494.0,5.145833333333333,5.214728862076693,13,4,0,0,0,5,0,0,2,0,11,0,0,0,12,0
36,36.0,50,533.0,5.552083333333333,4.8129829731707,13,4,1,0,0,6,0,0,0,0,13,0,0,0,13,0
37,37.0,50,583.0,5.605769230769231,5.304726645356738,13,4,1,0,0,6,0,0,0,0,13,0,0,0,13,0
38,38.0,53,636.0,6.115384615384615,5.131839222041127,14,4,1,0,0,6,0,0,0,0,14,0,0,0,14,0
39,39.0,59,695.0,6.435185185185185,5.242495792526953,15,5,1,0,0,8,0,0,0,0,15,0,0,0,15,0
40,40.0,59,754.0,6.981481481481482,4.901087644968145,15,5,1,0,0,8,0,0,0,0,15,0,0,0,15,0
41,41.0,63,817.0,7.294642857142857,4.902470397326425,15,5,1,0,0,10,0,0,0,0,16,0,0,0,16,0
42,42.0,64,881.0,7.866071428571429,4.521446271385644,16,5,1,0,0,10,0,0,0,0,16,0,0,0,16,0
43,43.0,66,947.0,7.891666666666667,4.891249363473222,17,5,1,0,0,10,0,0,0,0,17,0,0,0,16,0
44,44.0,71,1018.0,8.483333333333333,4.533039667716216,17,5,2,0,0,11,0,0,0,0,18,0,0,1,17,0
45,45.0,74,1092.0,8.806451612903226,4.543256361905654,18,5,2,0,0,12,0,0,0,0,18,0,0,1,18,0
46,46.0,76,1168.0,9.419354838709678,4.23015629288185,19,6,2,0,0,12,0,0,0,0,18,0,0,1,18,0
47,47.0,78,1246.0,9.734375,4.205125313251762,19,6,2,0,0,12,0,0,0,0,19,0,0,1,19,0
48,48.0,80,1326.0,10.359375,3.974021758916611,19,6,2,0,0,13,0,0,0,0,20,0,0,1,19,0
49,49.0,84,1410.0,10.367647058823529,4.179050954062446,20,6,2,0,0,14,0,0,0,0,21,0,0,1,20,0
50,50.0,86,1496.0,11.0,3.900335090606607,21,7,2,0,0,14,0,0,0,0,21,0,0,1,20,0
51,51.0,90,1586.0,11.32857142857143,3.887936166148853,22,7,2,0,1,15,0,0,0,0,21,0,0,1,21,0
52,52.0,92,1678.0,11.985714285714286,3.5821373608628138,22,7,2,0,1,15,0,0,0,0,21,0,0,2,22,0
53,53.0,96,1774.0,12.319444444444445,3.6172328362864445,22,7,2,0,1,16,0,0,0,0,23,0,0,2,23,0
54,54.0,99,1873.0,13.006944444444445,3.346587693178202,23,7,2,0,2,17,0,0,0,0,23,0,0,2,23,0
55,55.0,103,1976.0,13.0,3.7320827583943164,25,7,2,0,2,18,0,0,0,0,23,0,0,2,24,0
56,56.0,105,2081.0,13.69078947368421,3.4278091729167506,25,8,2,0,2,18,0,0,0,0,24,0,0,2,24,0
57,57.0,106,2169.0,13.903846153846153,3.4301112781035883,25,8,2,0,2,19,0,0,0,0,24,0,0,1,25,0
58,58.0,106,2274.0,14.576923076923077,3.200301377678343,25,8,2,0,2,19,0,0,0,0,25,0,0,0,25,0
59,59.0,110,2384.0,14.9,3.224898599085421,26,8,2,0,2,20,0,0,0,0,26,0,0,0,26,0
60,60.0,113,2497.0,15.60625,2.8670864442015125,27,8,2,0,3,21,0,0,0,0,26,0,0,0,26,0
61,61.0,115,2612.0,15.547619047619047,3.056433507297399,27,8,2,0,3,21,0,0,0,0,27,0,0,0,27,0
62,62.0,117,2729.0,16.24404761904762,2.8390698601123,28,8,2,0,3,22,0,0,0,0,27,0,0,0,27,0
63,63.0,124,2807.0,16.319767441860463,2.887662009598996,29,9,0,0,3,23,0,2,0,0,29,0,0,0,29,0
64,64.0,124,2931.0,17.140350877192983,2.697295959213012,29,9,0,0,3,23,0,2,0,0,29,0,0,0,29,0
65,65.0,128,3059.0,17.48,2.743119069522856,30,9,0,0,3,24,0,2,0,0,30,0,0,0,30,0
66,66.0,129,3188.0,18.217142857142857,2.5823396043551785,30,9,0,0,3,24,0,2,0,0,31,0,0,0,30,0
67,67.0,132,3320.0,18.14207650273224,2.8460232355813964,30,10,0,0,3,25,0,2,0,0,31,0,0,0,31,0
68,68.0,134,3454.0,18.87431693989071,2.7174867636896542,31,10,0,0,3,25,0,2,0,0,32,0,0,0,31,0
69,69.0,137,3591.0,19.203208556149733,2.6889262880005464,31,10,0,0,3,26,0,2,0,0,32,0,0,0,33,0
70,70.0,142,3733.0,19.962566844919785,2.53563482704543,33,10,0,0,4,27,0,2,0,0,33,0,0,0,33,0
71,71.0,144,3877.0,20.298429319371728,2.502798151574688,33,10,0,0,4,27,0,2,0,0,33,0,0,1,34,0
72,72.0,144,4003.0,20.958115183246072,2.4205767052922917,33,10,0,0,5,27,0,0,0,0,34,0,0,1,34,0
73,73.0,150,4153.0,21.18877551020408,2.599980196982366,35,11,0,0,5,28,0,0,0,0,35,0,0,1,35,0
74,74.0,151,4304.0,21.959183673469386,2.4996335591788066,35,11,0,0,5,29,0,0,0,0,35,0,0,1,35,0
75,75.0,154,4458.0,22.629441624365484,2.476050745119073,35,11,0,0,5,29,0,0,1,0,36,0,0,1,36,0
76,76.0,155,4613.0,23.416243654822335,2.4053650219474276,36,11,0,0,5,29,0,0,1,0,36,0,0,1,36,0
77,77.0,156,4769.0,24.085858585858585,2.3714303154701475,36,11,1,0,5,29,0,0,1,0,36,0,0,1,36,0
78,78.0,158,4917.0,24.833333333333332,2.3104357909980244,36,12,1,0,6,31,0,0,0,0,36,0,0,0,36,0
79,79.0,158,5075.0,25.0,2.583241042553558,36,12,1,0,6,31,0,0,0,0,36,0,0,0,36,0
80,80.0,160,5235.0,25.788177339901477,2.5252315408882167,36,12,1,0,7,32,0,0,0,0,36,0,0,0,36,0
81,81.0,160,5395.0,26.44607843137255,2.519870621862367,36,12,1,0,7,32,0,0,0,0,36,0,0,0,36,0
82,82.0,162,5557.0,27.24019607843137,2.473786743223454,36,12,2,0,7,33,0,0,0,0,36,0,0,0,36,0
83,83.0,162,5719.0,27.897560975609757,2.385098306879492,36,12,2,0,7,33,0,0,0,0,36,0,0,0,36,0
84,84.0,164,5883.0,28.697560975609758,2.297247197552977,36,13,2,0,7,34,0,0,0,0,36,0,0,0,36,0
85,85.0,165,6048.0,28.8,2.3644576284664103,36,13,2,0,7,34,0,1,0,0,36,0,0,0,36,0
86,86.0,166,6214.0,29.732057416267942,2.1338928362413605,36,13,2,0,7,34,0,2,0,0,36,0,0,0,36,0
87,87.0,167,6366.0,30.60576923076923,1.9610043138992537,36,13,0,0,8,35,0,3,0,0,36,0,0,0,36,0
88,88.0,169,6535.0,31.41826923076923,1.9208477106459152,36,13,0,0,9,36,0,3,0,0,36,0,0,0,36,0
89,89.0,171,6706.0,32.24038461538461,1.9612123705295192,36,14,0,0,9,36,0,4,0,0,36,0,0,0,36,0
90,90.0,174,6880.0,33.23671497584541,1.903059064117599,36,14,0,0,11,36,0,5,0,0,36,0,0,0,36,0
91,91.0,174,7054.0,33.27358490566038,2.171476165852807,36,14,0,0,11,36,0,5,0,0,36,0,0,0,36,0
92,92.0,174,7228.0,34.41904761904762,1.9977615318087856,36,14,0,0,11,36,0,5,0,0,36,0,0,0,36,0
93,93.0,175,7403.0,35.08530805687204,2.0220355156313206,36,14,0,0,12,36,0,5,0,0,36,0,0,0,36,0
94,94.0,176,7579.0,36.09047619047619,1.9116931960724204,36,14,0,0,13,36,0,5,0,0,36,0,0,0,36,0
95,95.0,177,7756.0,36.758293838862556,1.925711221851932,36,15,0,0,13,36,0,5,0,0,36,0,0,0,36,0
96,96.0,177,7933.0,37.59715639810427,1.8652270948156726,36,15,0,0,13,36,0,5,0,0,36,0,0,0,36,0
97,97.0,179,8112.0,37.55555555555556,2.0624356482765958,36,15,0,0,15,36,0,5,0,0,36,0,0,0,36,0
98,98.0,179,8291.0,38.38425925925926,1.9588467660602265,36,15,0,0,15,36,0,5,0,0,36,0,0,0,36,0
99,99.0,181,8472.0,39.04147465437788,1.9069809939612954,36,15,0,0,16,36,0,5,0,0,36,0,0,1,36,0
100,100.0,181,8653.0,39.87557603686636,1.815560013009525,36,15,0,0,16,36,0,5,0,0,36,0,0,1,36,0
101,101.0,184,8837.0,40.53669724770642,1.7000431142449064,36,16,0,0,17,36,0,6,0,0,36,0,0,1,36,0
102,102.0,186,9023.0,41.38990825688074,1.6081477335342336,36,16,0,0,19,36,0,6,0,0,36,0,0,1,36,0
103,103.0,186,9209.0,41.29596412556054,1.769463817386232,36,16,0,0,19,36,0,6,0,0,36,0,0,1,36,0
104,104.0,189,9398.0,42.143497757847534,1.673806820430211,36,16,1,0,21,36,0,6,0,0,36,0,0,1,36,0
105,105.0,190,9588.0,42.80357142857143,1.6311216419629524,36,16,1,0,22,36,0,6,0,0,36,0,0,1,36,0
106,106.0,191,9779.0,43.65625,1.5522047329562605,36,16,1,0,22,36,0,6,0,0,36,0,0,2,36,0
107,107.0,194,9973.0,44.324444444444445,1.5391059499227198,36,17,1,0,22,36,0,8,0,0,36,0,0,2,36,0
108,108.0,192,10109.0,44.92888888888889,1.474015769495005,36,17,2,0,23,36,0,6,0,0,36,0,0,0,36,0
109,109.0,191,10258.0,44.6,1.7102966527971486,36,17,2,0,24,36,0,4,0,0,36,0,0,0,36,0
110,110.0,190,10419.0,45.3,1.6501806316786218,36,17,2,0,25,36,0,2,0,0,36,0,0,0,36,0
111,111.0,189,10600.0,45.887445887445885,1.7307187253610594,36,17,2,0,25,36,0,1,0,0,36,0,0,0,36,0
112,112.0,190,10789.0,46.705627705627705,1.7159919175511225,36,17,3,0,26,36,0,0,0,0,36,0,0,0,36,0
113,113.0,192,10981.0,47.331896551724135,1.8020143812365368,36,18,3,0,27,36,0,0,0,0,36,0,0,0,36,0
114,114.0,193,11174.0,48.37229437229437,1.785365470225949,36,18,4,0,27,36,0,0,0,0,36,0,0,0,36,0
115,115.0,194,11368.0,48.16949152542373,2.0381076686178967,36,18,4,0,28,36,0,0,0,0,36,0,0,0,36,0
116,116.0,195,11563.0,49.204255319148935,1.8960500877060509,36,18,4,0,29,36,0,0,0,0,36,0,0,0,36,0
117,117.0,196,11759.0,50.03829787234042,1.8273863453535697,36,18,4,0,30,36,0,0,0,0,36,0,0,0,36,0
118,118.0,198,11957.0,50.88085106382979,1.749000178730879,36,19,4,0,30,36,0,1,0,0,36,0,0,0,36,0
119,119.0,199,12156.0,51.727659574468085,1.6917066946831407,36,19,4,0,30,36,0,2,0,0,36,0,0,0,36,0
120,120.0,201,12357.0,52.58297872340425,1.578753409449131,36,19,4,0,32,36,0,2,0,0,36,0,0,0,36,0
121,121.0,204,12561.0,52.55648535564853,1.7432416207657653,36,19,4,0,34,36,0,3,0,0,36,0,0,0,36,0
122,122.0,204,12765.0,53.634453781512605,1.6073191935747946,36,19,4,0,34,36,0,3,0,0,36,0,0,0,36,0
123,123.0,206,12971.0,54.5,1.578181495561913,36,19,4,0,35,36,0,3,0,0,36,0,0,1,36,0
124,124.0,207,13178.0,55.36974789915966,1.5085282752049884,36,20,4,0,35,36,0,3,0,0,36,0,0,1,36,0
125,125.0,209,13387.0,56.247899159663866,1.444861853873802,36,20,4,0,37,36,0,3,0,0,36,0,0,1,36,0
126,126.0,208,13555.0,57.436440677966104,1.2889995706664321,36,20,2,0,38,36,0,3,0,0,36,0,0,1,36,0
127,127.0,207,13734.0,56.98755186721991,1.4843474980796008,36,20,1,0,38,36,0,3,0,0,36,0,0,1,36,0
128,128.0,207,13940.0,57.84232365145228,1.4043799559477532,36,20,0,0,38,36,0,3,0,0,36,0,0,2,36,0
129,129.0,207,14126.0,58.37190082644628,1.445706435791126,36,20,0,0,40,36,0,1,0,0,36,0,0,2,36,0
130,130.0,208,14325.0,59.19421487603306,1.392190901841448,36,21,0,0,40,36,0,0,1,0,36,0,0,2,36,0
131,131.0,209,14534.0,59.81069958847737,1.3948141149829432,36,21,0,0,41,36,0,0,1,0,36,0,0,2,36,0
132,132.0,210,14744.0,60.674897119341566,1.337719626823479,36,21,0,0,42,36,0,0,1,0,36,0,0,2,36,0
133,133.0,212,14956.0,60.306451612903224,1.564605151893109,36,21,0,0,43,36,0,0,1,0,36,0,0,3,36,0
134,134.0,214,15170.0,61.16935483870968,1.5189084888101496,36,21,0,0,44,36,0,0,2,0,36,0,0,3,36,0
135,135.0,213,15364.0,61.70281124497992,1.5406428894855997,36,21,0,0,45,36,0,0,2,0,36,0,0,1,36,0
136,136.0,214,15575.0,62.55020080321285,1.5048848529107137,36,22,0,0,46,36,0,0,2,0,36,0,0,0,36,0
137,137.0,214,15789.0,63.156,1.4933478880736057,36,22,0,0,46,36,0,0,2,0,36,0,0,0,36,0
138,138.0,216,16005.0,64.02,1.420413340018751,36,22,1,0,47,36,0,0,2,0,36,0,0,0,36,0
139,139.0,217,16222.0,63.615686274509805,1.5759436661816695,36,22,1,0,47,36,0,0,3,0,36,0,0,0,36,0
140,140.0,218,16440.0,64.47058823529412,1.5344351249160229,36,22,1,0,48,36,0,0,3,0,36,0,0,0,36,0
141,141.0,221,16661.0,65.08203125,1.5199349536486946,36,22,2,0,49,36,0,1,3,0,36,0,0,0,36,0
142,142.0,224,16885.0,66.2156862745098,1.4470888714255468,36,23,3,0,50,36,0,1,3,0,36,0,0,0,36,0
143,143.0,224,17109.0,66.83203125,1.4197257829258352,36,23,3,0,50,36,0,1,3,0,36,0,0,0,36,0
144,144.0,222,17307.0,67.87058823529412,1.3228976882703334,36,23,3,0,50,36,0,1,1,0,36,0,0,0,36,0
145,145.0,223,17524.0,67.92248062015504,1.465869811414264,36,23,3,0,52,36,0,1,0,0,36,0,0,0,36,0
146,146.0,224,17748.0,69.328125,1.3659836149118816,36,23,3,0,52,36,0,1,0,0,36,0,0,1,36,0
147,147.0,225,17973.0,70.20703125,1.392382235050286,36,24,3,0,52,36,0,1,0,0,36,0,0,1,36,0
148,148.0,226,18199.0,71.3686274509804,1.348349122939074,36,24,3,0,53,36,0,1,0,0,36,0,0,1,36,0
149,149.0,226,18425.0,72.25490196078431,1.3487704895313737,36,24,3,0,53,36,0,1,0,0,36,0,0,1,36,0
150,150.0,225,18641.0,73.6798418972332,1.2701382860325918,36,24,3,0,53,36,0,0,0,0,36,0,0,1,36,0
151,151.0,226,18867.0,73.41245136186771,1.4486324834250448,36,24,3,0,53,36,1,0,0,0,36,0,0,1,36,0
152,152.0,227,19094.0,74.5859375,1.424654623684491,36,25,3,0,53,36,1,0,0,0,36,0,0,1,36,0
153,153.0,225,19293.0,75.36328125,1.401402904263027,36,25,1,0,53,36,1,0,0,0,36,0,0,1,36,0
154,154.0,224,19504.0,76.1875,1.4076756736275287,36,25,0,0,53,36,1,0,0,0,36,0,0,1,36,0
155,155.0,224,19728.0,77.0625,1.3873096642103346,36,25,0,0,53,36,1,0,0,0,36,0,0,1,36,0
156,156.0,225,19953.0,78.24705882352941,1.312962023939333,36,25,0,0,54,36,1,0,0,0,36,0,0,1,36,0
157,157.0,227,20180.0,77.91505791505791,1.484661377372335,36,25,0,0,55,36,1,0,0,0,36,0,0,2,36,0
158,158.0,229,20409.0,78.7992277992278,1.4461633038188177,36,26,0,0,55,36,1,0,0,0,36,0,0,3,36,0
159,159.0,229,20638.0,79.9922480620155,1.3560950620345162,36,26,0,0,55,36,1,0,0,0,36,0,0,3,36,0
160,160.0,230,20868.0,80.88372093023256,1.3029036097471278,36,26,0,0,56,36,1,0,0,0,36,0,0,3,36,0
161,161.0,231,21099.0,81.77906976744185,1.206265118775087,36,26,0,0,56,36,1,1,0,0,36,0,0,3,36,0
162,162.0,231,21330.0,82.67441860465117,1.14673236813305,36,26,0,0,56,36,1,1,0,0,36,0,0,3,36,0
163,163.0,233,21563.0,82.30152671755725,1.2953119382292255,36,26,0,0,56,36,1,3,0,0,36,0,0,3,36,0
164,164.0,235,21798.0,83.19847328244275,1.2519258731910268,36,26,0,0,57,36,1,4,0,0,36,0,0,3,36,0
165,165.0,235,22006.0,84.31417624521073,1.184192173091243,36,27,0,0,57,36,1,4,0,0,36,0,0,2,36,0
166,166.0,233,22230.0,85.17241379310344,1.1097687387410782,36,27,0,0,57,36,1,4,0,0,36,0,0,0,36,0
167,167.0,234,22464.0,86.06896551724138,1.036608317693693,36,27,0,0,57,36,2,4,0,0,36,0,0,0,36,0
168,168.0,232,22684.0,86.91187739463602,0.9914770571404936,36,27,0,0,57,36,2,2,0,0,36,0,0,0,36,0
169,169.0,231,22904.0,86.43018867924528,1.1810330600666181,36,27,1,0,57,36,2,0,0,0,36,0,0,0,36,0
170,170.0,231,23135.0,87.30188679245283,1.176487706445507,36,27,1,0,57,36,2,0,0,0,36,0,0,0,36,0
171,171.0,234,23369.0,88.18490566037735,1.1721308363315037,36,28,1,0,58,36,2,0,1,0,36,0,0,0,36,0
172,172.0,237,23606.0,89.07924528301886,1.1404866262584283,36,28,2,0,58,36,4,0,1,0,36,0,0,0,36,0
173,173.0,237,23843.0,89.97358490566037,1.11904670744913,36,28,2,0,58,36,4,0,1,0,36,0,0,0,36,0
174,174.0,237,24055.0,90.77358490566037,1.1097615371709921,36,29,3,0,58,36,2,0,1,0,36,0,0,0,36,0
175,175.0,236,24280.0,90.26022304832713,1.351444877308612,36,29,3,0,59,36,0,0,1,0,36,0,0,0,36,0
176,176.0,238,24518.0,91.14498141263941,1.366953301580841,36,29,5,0,59,36,0,0,1,0,36,0,0,0,36,0
177,177.0,237,24749.0,92.00371747211896,1.3890836568944602,36,29,5,0,59,36,0,0,0,0,36,0,0,0,36,0
178,178.0,237,24986.0,92.88475836431226,1.399224977064897,36,29,5,0,59,36,0,0,0,0,36,0,0,0,36,0
179,179.0,237,25223.0,93.76579925650557,1.4069813148076846,36,29,5,0,59,36,0,0,0,0,36,0,0,0,36,0
180,180.0,236,25440.0,94.5724907063197,1.4131699224995977,36,30,3,0,59,36,0,0,0,0,36,0,0,0,36,0
181,181.0,234,25662.0,94.0,1.5955283747650595,36,30,1,0,59,36,0,0,0,0,36,0,0,0,36,0
182,182.0,233,25889.0,95.53136531365314,1.5079686697771322,36,30,0,0,59,36,0,0,0,0,36,0,0,0,36,0
183,183.0,234,26123.0,96.39483394833948,1.5214083229630717,36,30,0,0,59,36,0,0,0,0,36,0,0,1,36,0
184,184.0,234,26357.0,97.9814126394052,1.439763230961513,36,30,0,0,59,36,0,0,0,0,36,0,0,1,36,0
185,185.0,235,26592.0,98.85501858736059,1.4580563122722583,36,30,0,0,60,36,0,0,0,0,36,0,0,1,36,0
186,186.0,233,26493.0,98.48698884758365,1.4629423561058168,36,28,0,0,60,36,0,0,0,0,36,0,0,1,36,0
187,187.0,233,26412.0,97.1029411764706,1.6390340542709325,36,26,0,0,61,36,0,0,0,0,36,0,0,2,36,0
188,188.0,232,26353.0,96.88602941176471,1.6628663635776526,36,25,0,0,61,36,0,0,0,0,36,0,0,2,36,0
189,189.0,230,26311.0,96.73161764705883,1.635265342639804,36,23,0,0,61,36,0,0,0,0,36,0,0,2,36,0
190,190.0,228,26289.0,96.65073529411765,1.643083044509292,36,21,0,0,61,36,0,0,0,0,36,0,0,2,36,0
191,191.0,226,26284.0,96.98892988929889,1.5992718127998313,36,19,0,0,61,36,0,0,0,0,36,0,0,2,36,0
192,192.0,227,26300.0,97.76951672862454,1.572317001955157,36,18,1,0,62,36,0,0,0,0,36,0,0,2,36,0
193,193.0,226,26336.0,96.46886446886447,1.7367984142367594,36,16,1,0,62,36,0,1,0,0,36,0,0,2,36,0
194,194.0,225,26393.0,96.67765567765568,1.715997664288882,36,14,1,0,62,36,0,2,0,0,36,0,0,2,36,0
195,195.0,221,26446.0,96.87179487179488,1.657696819973486,36,12,1,0,62,36,0,2,0,0,36,0,0,0,36,0
196,196.0,220,26540.0,97.21611721611721,1.6144499802334997,36,10,1,0,62,36,0,3,0,0,36,0,0,0,36,0
197,197.0,221,26656.0,97.64102564102564,1.560553931770183,36,10,1,0,62,36,0,4,0,0,36,0,0,0,36,0
198,198.0,223,26833.0,98.28937728937728,1.576407601611695,36,11,1,0,62,36,0,5,0,0,36,0,0,0,36,0
199,199.0,222,26980.0,97.40072202166066,1.722618224701609,36,10,1,0,62,36,0,5,0,0,36,0,0,0,36,0
200,200.0,225,27176.0,98.10830324909747,1.6876719814807013,36,11,1,0,63,36,0,6,0,0,36,0,0,0,36,0
201,201.0,223,27351.0,98.74007220216606,1.6283270781111723,36,9,1,0,63,36,0,6,0,0,36,0,0,0,36,0
202,202.0,224,27551.0,99.82246376811594,1.4863507913035008,36,9,2,0,63,36,0,6,0,0,36,0,0,0,36,0
203,203.0,225,27772.0,100.9890909090909,1.3407576972392161,36,9,2,0,63,36,0,6,0,0,36,1,0,0,36,0
204,204.0,225,27979.0,101.74181818181818,1.307732831107591,36,11,2,0,63,36,0,4,0,0,36,1,0,0,36,0
205,205.0,225,28186.0,101.02508960573476,1.4396793517589748,36,11,2,0,63,36,0,2,0,0,36,3,0,0,36,0
206,206.0,226,28396.0,101.77777777777777,1.3552645328722044,36,13,3,0,63,36,0,0,0,0,36,3,0,0,36,0
207,207.0,229,28605.0,102.89568345323741,1.3089783763600542,36,15,1,0,64,36,0,0,0,0,36,5,0,0,36,0
208,208.0,230,28833.0,103.7158273381295,1.3267015335890306,36,16,0,0,65,36,0,0,0,0,36,5,0,0,36,0
209,209.0,231,29064.0,104.54676258992805,1.330232473752407,36,17,0,0,65,36,0,0,0,0,36,5,0,0,36,0
210,210.0,233,29297.0,106.14855072463769,1.2579585473302466,36,18,0,0,65,36,0,0,0,0,36,6,0,0,36,0
211,211.0,236,29533.0,105.85304659498208,1.4161791222331865,36,20,0,0,66,36,0,0,0,0,36,6,0,0,36,0
212,212.0,237,29769.0,106.6989247311828,1.453833017903097,36,21,0,0,66,36,0,0,0,0,36,6,0,0,36,0
213,213.0,239,30007.0,107.55197132616487,1.4762982997056764,36,22,0,0,66,36,0,0,0,0,36,6,0,1,36,0
214,214.0,240,30247.0,108.41218637992831,1.4953729100727446,36,23,0,0,66,36,0,0,0,0,36,6,0,1,36,0
215,215.0,243,30490.0,109.2831541218638,1.4634975254624183,36,26,0,0,66,36,0,0,0,0,36,6,0,1,36,0
216,216.0,243,30732.0,110.15053763440861,1.4302109185871372,36,26,0,0,66,36,0,0,0,0,36,6,0,1,36,0
217,217.0,244,30976.0,109.45583038869258,1.5947226140052042,36,27,0,0,66,36,0,0,0,0,36,6,0,1,36,0
218,218.0,247,31223.0,110.71985815602837,1.5191494348165961,36,29,0,0,66,36,0,0,0,0,36,6,0,2,36,0
219,219.0,247,31470.0,111.99288256227759,1.4153308217661624,36,29,0,0,66,36,0,0,0,0,36,6,0,2,36,0
220,220.0,248,31718.0,113.27857142857142,1.245262529049262,36,30,0,0,66,36,0,0,0,0,36,6,0,2,36,0
221,221.0,249,31967.0,114.57706093189964,1.046875869124814,36,30,1,0,66,36,0,0,0,0,36,6,0,2,36,0
222,222.0,247,32201.0,116.24909747292419,0.8285945046920896,36,30,1,0,66,36,0,0,0,0,36,6,0,0,36,0
223,223.0,250,32451.0,115.48398576512456,0.9291767103979319,36,31,2,0,66,36,1,0,0,0,36,6,0,0,36,0
224,224.0,253,32704.0,116.38434163701068,0.9000016982504156,36,31,2,0,67,36,1,2,0,0,36,6,0,0,36,0
225,225.0,253,32955.0,117.27758007117438,0.8717708205512967,36,31,2,0,68,36,2,0,0,0,36,6,0,0,36,0
226,226.0,254,33209.0,118.1814946619217,0.8678268952764715,36,31,2,0,68,36,3,0,0,0,36,6,0,0,36,0
227,227.0,255,33464.0,119.08896797153025,0.8761468624709611,36,31,2,0,68,36,4,0,0,0,36,6,0,0,36,0
228,228.0,256,33720.0,120.0,0.9122106522016898,36,31,2,0,68,36,5,0,0,0,36,6,0,0,36,0
229,229.0,257,33977.0,119.21754385964913,1.1194661546560998,36,31,2,0,69,36,5,0,0,0,36,6,0,0,36,0
230,230.0,258,34235.0,120.12280701754386,1.1311332569509356,36,32,2,0,69,36,5,0,0,0,36,6,0,0,36,0
231,231.0,256,34478.0,120.97543859649123,1.1399391108922474,36,32,2,0,69,36,3,0,0,0,36,6,0,0,36,0
232,232.0,254,34720.0,121.82456140350877,1.1457831181179452,36,32,2,0,69,36,1,0,0,0,36,6,0,0,36,0
233,233.0,253,34968.0,122.69473684210526,1.1408566714083852,36,32,2,0,69,36,0,0,0,0,36,6,0,0,36,0
234,234.0,255,35223.0,123.58947368421053,1.1397747143639678,36,33,3,0,69,36,0,0,0,0,36,6,0,0,36,0
235,235.0,256,35479.0,122.76470588235294,1.3149303793914864,36,33,3,0,69,36,0,0,0,0,36,6,0,1,36,0
236,236.0,256,35735.0,123.65051903114187,1.328415036419154,36,33,3,0,69,36,0,0,0,0,36,6,0,1,36,0
237,237.0,256,35991.0,124.5363321799308,1.333108734232161,36,33,3,0,69,36,0,0,0,0,36,6,0,1,36,0
238,238.0,257,36248.0,125.42560553633218,1.3238733193910173,36,33,4,0,69,36,0,0,0,0,36,6,0,1,36,0
239,239.0,257,36505.0,127.1951219512195,1.211260172035936,36,33,4,0,69,36,0,0,0,0,36,6,0,1,36,0
240,240.0,257,36762.0,128.53846153846155,1.1194774511437586,36,33,4,0,69,36,0,0,0,0,36,6,0,1,36,0
241,241.0,258,37020.0,128.0968858131488,1.1980688971377182,36,34,4,0,69,36,0,0,0,0,36,6,0,1,36,0
242,242.0,260,37280.0,128.99653979238755,1.1703125603011144,36,34,5,0,70,36,0,0,0,0,36,6,0,1,36,0
243,243.0,261,37541.0,129.89965397923876,1.1561840816863278,36,34,5,0,70,36,0,0,0,0,36,6,0,2,36,0
244,244.0,262,37803.0,131.26041666666666,1.0911801854543954,36,34,5,0,71,36,0,0,0,0,36,6,0,2,36,0
245,245.0,262,38065.0,132.63066202090593,1.0514026064608086,36,34,5,0,71,36,0,0,0,0,36,6,0,2,36,0
246,246.0,261,38278.0,134.30877192982456,0.9619806839877862,36,35,3,0,71,36,0,0,0,0,36,6,0,2,36,0
247,247.0,259,38515.0,133.26989619377161,1.0893763757546566,36,35,1,0,71,36,0,0,0,0,36,6,0,2,36,0
248,248.0,258,38767.0,134.60763888888889,1.0044315619919395,36,35,0,0,71,36,0,0,0,0,36,6,0,2,36,0
249,249.0,258,39025.0,135.97560975609755,0.978039215710408,36,35,0,0,71,36,0,0,0,0,36,6,0,2,36,0
250,250.0,260,39285.0,136.8815331010453,1.000620191772958,36,35,0,0,71,36,0,0,1,0,36,6,0,3,36,0
251,251.0,260,39545.0,137.78745644599303,1.0032969199922637,36,35,0,0,71,36,0,0,1,0,36,6,0,3,36,0
252,252.0,259,39802.0,138.6829268292683,1.0588682538112713,36,35,0,0,71,36,0,0,0,0,36,6,0,3,36,0
253,253.0,260,40062.0,137.6701030927835,1.2300539552868177,36,36,0,0,71,36,0,0,0,0,36,6,0,3,36,0
254,254.0,260,40322.0,138.56357388316152,1.193285042233107,36,36,0,0,71,36,0,0,0,0,36,6,0,3,36,0
255,255.0,259,40549.0,139.34364261168386,1.2038784331278614,36,36,0,0,71,36,0,0,0,0,36,6,0,2,36,0
256,256.0,258,40800.0,140.20618556701032,1.2000245505263551,36,36,0,0,71,36,0,0,0,0,36,6,0,0,37,0
257,257.0,260,41060.0,141.0996563573883,1.2023511689933812,36,37,1,0,71,36,0,0,0,0,36,6,0,0,37,0
258,258.0,261,41321.0,141.99656357388315,1.1849906874642702,36,37,1,0,72,36,0,0,0,0,36,6,0,0,37,0
259,259.0,262,41583.0,140.9593220338983,1.3536691178019207,36,37,2,0,72,36,0,0,0,0,36,6,0,0,37,0
260,260.0,262,41845.0,141.84745762711864,1.3658904516196095,36,37,2,0,72,36,0,0,0,0,36,6,0,0,37,0
261,261.0,262,42107.0,143.22108843537416,1.3234140757025339,36,37,2,0,72,36,0,0,0,0,36,6,0,0,37,0
262,262.0,262,42369.0,144.60409556313994,1.286203020593543,36,37,2,0,72,36,0,0,0,0,36,6,0,0,37,0
263,263.0,263,42632.0,146.0,1.2013919862805615,36,38,2,0,72,36,0,0,0,0,36,6,0,0,37,0
264,264.0,263,42895.0,146.90068493150685,1.1528290639933094,36,38,2,0,72,36,0,0,0,0,36,6,0,0,37,0
265,265.0,264,43159.0,146.79931972789115,1.1736093603645779,36,38,2,0,72,36,0,0,0,0,36,6,0,0,38,0
266,266.0,264,43423.0,147.69727891156464,1.0983103237541694,36,38,2,0,72,36,0,0,0,0,36,6,0,0,38,0
267,267.0,267,43690.0,148.60544217687075,1.0446178920904359,36,38,3,0,72,36,2,0,0,0,36,6,0,0,38,0
268,268.0,270,43960.0,149.52380952380952,1.0244699163529132,36,38,3,0,72,36,3,0,0,0,36,6,0,1,39,0
269,269.0,270,44230.0,150.4421768707483,1.0172159416023827,36,38,3,0,72,36,3,0,0,0,36,6,0,1,39,0
270,270.0,271,44501.0,151.88054607508533,0.9493968886786357,36,38,3,0,72,36,3,0,0,0,36,6,0,2,39,0
271,271.0,271,44772.0,151.76949152542372,1.0164839642790269,36,38,3,0,72,36,3,0,0,0,36,6,0,2,39,0
272,272.0,272,45044.0,152.69152542372882,0.981264594235964,36,38,3,0,72,36,3,0,0,0,36,6,0,2,40,0
273,273.0,272,45316.0,154.1360544217687,0.9406783189302124,36,38,3,0,72,36,3,0,0,0,36,6,0,2,40,0
274,274.0,272,45588.0,155.0612244897959,0.9159941352210668,36,38,3,0,72,36,3,0,0,0,36,6,0,2,40,0
275,275.0,273,45861.0,155.98979591836735,0.8941028038969111,36,38,3,0,72,36,3,0,0,0,36,6,0,2,41,0
276,276.0,269,45958.0,156.31972789115648,0.8797836110510052,36,36,3,0,72,36,3,0,0,0,36,6,0,0,41,0
277,277.0,267,46067.0,155.1077441077441,1.0190002590762461,36,34,3,0,72,36,3,0,0,0,36,6,0,0,41,0
278,278.0,265,46176.0,155.4747474747475,1.020903701305383,36,32,3,0,72,36,3,0,0,0,36,6,0,0,41,0
279,279.0,264,46286.0,155.84511784511784,1.041521273340985,36,30,4,0,72,36,3,0,0,0,36,6,0,0,41,0
280,280.0,263,46396.0,156.21548821548822,1.0614777689876318,36,28,4,0,72,36,3,0,0,0,36,6,0,0,42,0
281,281.0,262,46506.0,156.58585858585857,1.1306248859254524,36,26,5,0,72,36,3,0,0,0,36,6,0,0,42,0
282,282.0,261,46616.0,156.95622895622895,1.1628644264043488,36,24,5,0,72,36,3,1,0,0,36,6,0,0,42,0
283,283.0,259,46724.0,155.74666666666667,1.284211374775816,36,22,5,0,72,36,3,1,0,0,36,6,0,0,42,0
284,284.0,258,46833.0,156.11,1.2101353594488389,36,20,5,0,72,36,3,2,0,0,36,6,0,0,42,0
285,285.0,257,46943.0,156.47666666666666,1.19112856064263,36,18,5,0,72,36,3,2,0,0,36,6,0,0,43,0
286,286.0,259,47129.0,157.09666666666666,1.1794450683365152,36,18,6,0,72,36,3,3,0,0,36,6,0,0,43,0
287,287.0,260,47315.0,157.71666666666667,1.1197230318636706,36,18,6,0,72,36,3,4,0,0,36,6,0,0,43,0
288,288.0,259,47427.0,158.09,1.0723711898519774,36,16,7,0,72,36,3,4,0,0,36,6,0,0,43,0
289,289.0,260,47540.0,156.8976897689769,1.1127830767134037,36,16,7,0,72,36,3,5,0,0,36,6,0,0,43,0
290,290.0,261,47656.0,157.2805280528053,1.034048200143837,36,16,7,0,72,36,3,5,0,0,36,7,0,0,43,0
291,291.0,260,47772.0,157.66336633663366,0.9735732309728401,36,15,7,0,72,36,3,5,0,0,36,7,0,0,43,0
292,292.0,264,47974.0,158.33003300330034,0.9100976575673378,36,16,8,0,72,36,3,5,0,0,36,8,0,1,43,0
293,293.0,263,48115.0,158.7953795379538,0.8944823034477237,36,14,8,0,72,36,3,5,0,0,36,9,0,1,43,0
294,294.0,263,48277.0,159.33003300330034,0.8614113161132381,36,13,8,0,72,36,3,5,0,0,36,10,0,1,43,0
295,295.0,266,48493.0,157.95765472312704,0.9381125821633383,36,15,8,0,72,36,3,5,0,0,36,11,0,1,43,0
296,296.0,267,48688.0,158.07792207792207,0.899641269650662,36,14,8,0,72,36,3,5,0,0,36,12,0,1,44,0
297,297.0,266,48875.0,158.68506493506493,0.8685436351397536,36,15,6,0,72,36,3,5,0,0,36,12,0,1,44,0
298,298.0,266,49090.0,159.38311688311688,0.8414513743920505,36,15,4,0,72,36,3,5,0,0,36,12,0,2,45,0
299,299.0,266,49327.0,160.1525974025974,0.8379759928321158,36,17,2,0,72,36,3,5,0,0,36,12,0,2,45,0
300,300.0,266,49571.0,160.94480519480518,0.8403012434789816,36,18,1,0,72,36,3,5,0,0,36,12,0,2,45,0
301,301.0,269,49839.0,159.7403846153846,0.9942773251388055,36,21,0,0,72,36,3,6,0,0,36,12,0,2,45,0
302,302.0,271,50110.0,160.0958466453674,0.9890667195232291,36,22,0,0,72,36,3,6,0,0,36,12,0,3,45,0
303,303.0,272,50366.0,160.91373801916933,0.9658858281587882,36,24,0,0,72,36,3,7,0,0,36,12,0,1,45,0
304,304.0,271,50635.0,161.77316293929712,1.0034607241909184,36,24,0,0,72,36,3,7,0,0,36,12,0,0,45,0
305,305.0,276,50911.0,161.62222222222223,0.9607803885883276,36,27,0,0,72,36,3,9,0,0,36,12,0,0,45,0
306,306.0,276,51109.0,162.25079365079364,0.9245720919498135,36,28,1,0,72,36,1,9,0,0,36,12,0,0,45,0
307,307.0,277,51347.0,161.4685534591195,1.0373132873283346,36,29,2,0,72,36,0,9,0,0,36,12,0,0,45,0
308,308.0,280,51627.0,162.3490566037736,1.0430709053354783,36,30,3,0,72,36,0,9,0,0,36,12,0,0,46,0
309,309.0,278,51853.0,163.05974842767296,1.0582661840114926,36,30,3,0,72,36,0,7,0,0,36,12,0,0,46,0
310,310.0,278,52084.0,163.78616352201257,1.090375167936542,36,31,4,0,72,36,0,5,0,0,36,12,0,0,46,0
311,311.0,279,52331.0,164.56289308176102,1.1364932219931774,36,34,4,0,72,36,0,3,0,0,36,12,0,0,46,0
312,312.0,277,52591.0,165.38050314465409,1.1792637197086466,36,34,4,0,72,36,0,1,0,0,36,12,0,0,46,0
313,313.0,279,52862.0,164.6791277258567,1.3172820939474086,36,36,5,0,72,36,0,0,0,0,36,12,0,0,46,0
314,314.0,280,53142.0,165.55140186915887,1.335530890890762,36,37,5,0,72,36,0,0,0,0,36,12,0,0,46,0
315,315.0,281,53423.0,166.42679127725856,1.3781072057986565,36,38,5,0,72,36,0,0,0,0,36,12,0,0,46,0
316,316.0,282,53705.0,167.30529595015577,1.4066237536268293,36,38,5,0,72,36,0,0,0,0,36,12,0,1,46,0
317,317.0,282,53987.0,168.18380062305295,1.3499222881409902,36,38,5,0,72,36,0,0,0,0,36,12,0,1,46,0
318,318.0,282,54269.0,169.06230529595015,1.2684942406369342,36,38,5,0,72,36,0,0,0,0,36,12,0,1,46,0
319,319.0,284,54553.0,168.37345679012347,1.3224693341844735,36,38,5,0,72,36,1,1,0,0,36,12,0,1,46,0
320,320.0,288,54841.0,169.26234567901236,1.291051267061376,36,38,6,0,72,36,1,2,0,0,36,12,0,1,48,0
321,321.0,287,55099.0,171.11490683229815,1.2086248175010366,36,38,5,0,72,36,1,2,0,0,36,12,0,1,48,0
322,322.0,286,55359.0,172.45794392523365,1.1486517495317479,36,38,3,0,72,36,1,3,0,0,36,12,0,1,48,0
323,323.0,284,55630.0,173.84375,1.1008107063015724,36,38,1,0,72,36,1,3,0,0,36,12,0,1,48,0
324,324.0,284,55911.0,175.82075471698113,1.036980800327712,36,38,0,0,72,36,1,3,0,0,36,12,1,1,48,0
325,325.0,286,56197.0,175.615625,1.1502408826353048,36,38,0,0,72,36,1,3,0,0,36,12,2,2,48,0
326,326.0,287,56484.0,177.62264150943398,1.085238016867229,36,38,0,0,72,36,1,3,0,0,36,12,2,3,48,0
327,327.0,283,56750.0,180.15873015873015,1.02188691740563,36,38,0,0,72,36,1,3,0,0,36,12,0,1,48,0
328,328.0,282,57029.0,181.62101910828025,1.005197564109119,36,38,0,0,72,36,1,3,0,0,36,12,0,0,48,0
329,329.0,282,57311.0,183.10223642172525,0.9213595202853667,36,38,0,0,72,36,1,3,0,0,36,12,0,0,48,0
330,330.0,281,57581.0,183.96485623003196,0.8673235674791042,36,38,0,0,72,36,0,3,0,0,36,12,0,0,48,0
331,331.0,283,57864.0,183.1139240506329,0.9750138057957021,36,38,0,0,72,36,0,4,0,0,36,12,0,0,49,0
332,332.0,286,58150.0,184.01898734177215,0.9948755017729286,36,38,1,0,72,36,0,5,0,0,36,12,0,0,50,0
333,333.0,286,58409.0,184.83860759493672,1.0327974386563832,36,38,1,0,72,36,0,4,0,0,36,12,0,0,51,0
334,334.0,285,58681.0,185.6993670886076,1.07801056432404,36,38,1,0,72,36,0,3,0,0,36,12,0,0,51,0
335,335.0,283,58959.0,186.57911392405063,1.134010403312846,36,38,1,0,72,36,0,1,0,0,36,12,0,0,51,0
336,336.0,282,59237.0,187.45886075949366,1.1592094256402006,36,38,1,0,72,36,0,0,0,0,36,12,0,0,51,0
337,337.0,282,59519.0,186.57993730407523,1.2720483485095744,36,38,1,0,72,36,0,0,0,0,36,12,0,0,51,0
338,338.0,282,59801.0,187.4639498432602,1.2439769613857834,36,38,1,0,72,36,0,0,0,0,36,12,0,0,51,0
339,339.0,282,60083.0,188.34796238244513,1.2264202437497045,36,38,1,0,72,36,0,0,0,0,36,12,0,0,51,0
340,340.0,283,60366.0,189.23510971786834,1.1850711627239812,36,38,1,0,72,36,1,0,0,0,36,12,0,0,51,0
341,341.0,286,60652.0,190.13166144200628,1.1658190006702789,36,38,1,0,72,36,2,0,0,0,36,12,0,1,52,0
342,342.0,288,60940.0,191.0344827586207,1.1280370959796833,36,38,2,0,72,36,3,0,0,0,36,12,0,1,52,0
343,343.0,290,61230.0,190.74766355140187,1.1619325784668082,36,38,3,0,72,36,4,0,0,0,36,12,0,1,52,0
344,344.0,290,61520.0,191.65109034267914,1.1154654560887018,36,38,3,0,72,36,4,0,0,0,36,12,0,1,52,0
345,345.0,290,61810.0,192.55451713395638,1.103610709392777,36,38,3,0,72,36,4,0,0,0,36,12,0,1,52,0
346,346.0,291,62101.0,193.46105919003116,1.0945182022468138,36,38,4,0,72,36,4,0,0,0,36,12,0,1,52,0
347,347.0,292,62393.0,194.978125,1.022169376460149,36,38,4,0,72,36,4,0,0,0,36,12,0,2,52,0
348,348.0,293,62686.0,197.125786163522,0.9240327347649334,36,38,5,0,72,36,4,0,0,0,36,12,0,2,52,0
349,349.0,293,62979.0,198.04716981132074,0.9222836760372725,36,38,5,0,72,36,4,0,0,0,36,12,0,2,52,0
350,350.0,294,63273.0,198.97169811320754,0.8958668577999942,36,38,5,0,72,36,4,0,0,0,36,12,0,2,53,0
351,351.0,295,63568.0,201.16455696202533,0.7849745713676921,36,38,5,0,72,36,4,0,0,0,36,12,0,3,53,0
352,352.0,295,63863.0,202.09810126582278,0.7351025572288528,36,38,5,0,72,36,4,0,0,0,36,12,0,3,53,0
353,353.0,296,64159.0,203.67936507936508,0.6545704935499879,36,38,5,0,72,36,4,0,0,0,36,12,0,3,54,0
354,354.0,296,64428.0,204.53333333333333,0.634705112066467,36,38,6,0,72,36,2,1,0,0,36,12,0,3,54,0
355,355.0,294,64697.0,203.4496855345912,0.7486590776071422,36,38,6,0,72,36,0,1,0,0,36,12,0,3,54,0
356,356.0,295,64992.0,204.37735849056602,0.7392682456700023,36,38,6,0,72,36,0,2,0,0,36,12,0,3,54,0
357,357.0,296,65288.0,205.30817610062894,0.741107211907174,36,38,6,0,72,36,0,3,0,0,36,12,0,3,54,0
358,358.0,297,65585.0,206.24213836477986,0.7581626954597543,36,38,6,0,72,36,0,3,0,0,36,12,0,3,55,0
359,359.0,297,65882.0,207.1761006289308,0.7429075619157359,36,38,6,0,72,36,0,3,0,0,36,12,0,3,55,0
360,360.0,293,66133.0,207.96540880503144,0.7681187070117522,36,38,6,0,72,36,0,1,0,0,36,12,0,1,55,0
361,361.0,291,66410.0,206.8847352024922,0.9540548086500107,36,38,6,0,72,36,0,0,0,0,36,12,0,0,55,0
362,362.0,291,66701.0,207.79127725856696,0.9819087331535186,36,38,6,0,72,36,0,0,0,0,36,12,0,0,55,0
363,363.0,292,66993.0,208.70093457943926,1.0115817461117,36,38,6,0,72,36,0,0,0,0,36,12,0,0,56,0
364,364.0,292,67285.0,209.61059190031153,1.0424883335221435,36,38,6,0,72,36,0,0,0,0,36,12,0,0,56,0
365,365.0,292,67577.0,210.5202492211838,1.0611634620394228,36,38,6,0,72,36,0,0,0,0,36,12,0,0,56,0
366,366.0,292,67869.0,211.42990654205607,1.0573864617572837,36,38,6,0,72,36,0,0,0,0,36,12,0,0,56,0
367,367.0,292,68161.0,210.37345679012347,1.1598606887870389,36,38,6,0,72,36,0,0,0,0,36,12,0,0,56,0
368,368.0,294,68455.0,211.28086419753086,1.1226228817158106,36,38,7,0,72,36,0,0,0,0,36,12,0,0,57,0
369,369.0,293,68684.0,213.30434782608697,1.0276240780793113,36,38,6,0,72,36,0,0,0,0,36,12,0,0,57,0
370,370.0,291,68926.0,214.7227414330218,0.9441747724217194,36,38,4,0,72,36,0,0,0,0,36,12,0,0,57,0
371,371.0,290,69174.0,216.16875,0.9120567430251416,36,38,2,0,72,36,0,0,0,0,36,12,0,1,57,0
372,372.0,289,69456.0,217.05,0.916327431120138,36,38,1,0,72,36,0,0,0,0,36,12,0,1,57,0
373,373.0,289,69744.0,216.59627329192546,1.0431758524300772,36,38,0,0,72,36,0,0,0,0,36,12,0,1,58,0
374,374.0,290,70034.0,218.17445482866043,1.0429305759406506,36,38,0,0,72,36,0,0,0,0,36,12,0,2,58,0
375,375.0,290,70324.0,219.0778816199377,1.0904258601039207,36,38,0,0,72,36,0,0,0,0,36,12,0,2,58,0
376,376.0,290,70614.0,220.66875,1.0952731974461538,36,38,0,0,72,36,0,0,0,0,36,12,0,2,58,0
377,377.0,290,70904.0,221.575,1.0951288379950666,36,38,0,0,72,36,0,0,0,0,36,12,0,2,58,0
378,378.0,290,71194.0,223.17868338557994,1.0002230174948186,36,38,0,0,72,36,0,0,0,0,36,12,0,2,58,0
379,379.0,292,71486.0,222.0062111801242,1.0728280275120399,36,38,1,0,72,36,0,0,0,0,36,12,0,2,59,0
380,380.0,293,71779.0,222.916149068323,1.031615987432482,36,38,2,0,72,36,0,0,0,0,36,12,0,2,59,0
381,381.0,293,72072.0,223.82608695652175,1.0050289218451205,36,38,2,0,72,36,0,0,0,0,36,12,0,2,59,0
382,382.0,296,72368.0,224.74534161490683,0.9699958879128545,36,38,4,0,72,36,0,0,0,0,36,12,0,3,59,0
383,383.0,296,72664.0,225.66459627329192,0.9403382965729391,36,38,4,0,72,36,0,0,0,0,36,12,0,3,59,0
384,384.0,297,72961.0,226.58695652173913,0.920513649698493,36,38,4,0,72,36,0,0,0,0,36,12,0,3,60,0
385,385.0,298,73259.0,225.4123076923077,1.0242199513671673,36,38,5,0,72,36,0,0,0,0,36,12,0,3,60,0
386,386.0,298,73557.0,226.32923076923078,0.9688761540419586,36,38,5,0,72,36,0,0,0,0,36,12,0,3,60,0
387,387.0,299,73856.0,227.24923076923076,0.9035670052188257,36,38,5,0,72,36,0,0,0,0,36,12,0,4,60,0
388,388.0,299,74155.0,228.16923076923078,0.8361038683670897,36,38,5,0,72,36,0,0,0,0,36,12,0,4,60,0
389,389.0,301,74456.0,229.0953846153846,0.8124699816820223,36,38,6,0,72,36,1,0,0,0,36,12,0,4,60,0
390,390.0,302,74758.0,230.02461538461537,0.8002937251833172,36,38,6,0,72,36,2,0,0,0,36,12,0,4,60,0
391,391.0,305,75063.0,228.85060975609755,0.8917050892389329,36,38,6,0,72,36,3,0,0,0,36,12,0,5,61,0
392,392.0,305,75368.0,230.48318042813455,0.8173910364256425,36,38,6,0,72,36,3,0,0,0,36,12,0,5,61,0
393,393.0,304,75631.0,231.99693251533742,0.7696930035583143,36,38,6,0,72,36,3,1,0,0,36,12,0,3,61,0
394,394.0,302,75914.0,232.86503067484662,0.7434250208934955,36,38,6,0,72,36,3,1,0,0,36,12,0,1,61,0
395,395.0,302,76212.0,234.49846153846153,0.7084925464327249,36,38,6,0,72,36,3,2,0,0,36,12,0,0,61,0
396,396.0,302,76514.0,235.4276923076923,0.7239379024272214,36,38,6,0,72,36,3,2,0,0,36,12,0,0,61,0
397,397.0,303,76817.0,234.914373088685,0.7959417072044955,36,38,6,0,72,36,3,2,0,0,36,12,0,0,62,0
398,398.0,304,77121.0,235.8440366972477,0.7859709534305691,36,38,6,0,72,36,3,2,0,0,36,12,1,0,62,0
399,399.0,304,77425.0,238.23076923076923,0.6880643335159685,36,38,6,0,72,36,3,2,0,0,36,12,1,0,62,0
400,400.0,304,77729.0,239.16615384615383,0.6616911565097405,36,38,6,0,72,36,3,2,0,0,36,12,1,0,62,0
401,401.0,306,78035.0,240.1076923076923,0.6631478201511892,36,38,7,0,72,36,3,2,0,0,36,12,1,0,63,0
402,402.0,304,78319.0,240.98153846153846,0.6912442422949626,36,38,8,0,72,36,3,0,0,0,36,12,0,0,63,0
403,403.0,304,78623.0,239.70426829268294,0.8305758344562765,36,38,8,0,72,36,3,0,0,0,36,12,0,0,63,0
404,404.0,304,78927.0,240.6310975609756,0.8092541619959763,36,38,8,0,72,36,3,0,0,0,36,12,0,0,63,0
405,405.0,304,79231.0,241.5579268292683,0.8087050160850026,36,38,8,0,72,36,3,0,0,0,36,12,0,0,63,0
406,406.0,304,79535.0,242.484756097561,0.7940323298163525,36,38,8,0,72,36,3,0,0,0,36,12,0,0,63,0
407,407.0,304,79839.0,243.41158536585365,0.8034970612058517,36,38,8,0,72,36,3,0,0,0,36,12,0,0,63,0
408,408.0,304,80086.0,244.16463414634146,0.8023066228735843,36,38,6,0,72,36,3,0,0,0,36,12,0,2,63,0
409,409.0,302,80334.0,242.70090634441087,0.9285765772524419,36,38,4,0,72,36,3,0,0,0,36,12,0,2,63,0
410,410.0,301,80589.0,243.4712990936556,0.9336751443207059,36,38,2,0,72,36,3,0,0,0,36,12,0,2,64,0
411,411.0,299,80869.0,244.31722054380666,0.9696280224435089,36,38,0,0,72,36,3,0,0,0,36,12,0,2,64,0
412,412.0,299,81168.0,245.22054380664653,0.9861391420493039,36,38,0,0,72,36,3,0,0,0,36,12,0,2,64,0
413,413.0,300,81468.0,246.12688821752266,0.9903770199135542,36,38,0,0,72,36,3,0,0,0,36,12,0,2,65,0
414,414.0,298,81754.0,246.99093655589124,1.0086668789592168,36,38,0,0,72,36,3,0,0,0,36,12,0,0,65,0
415,415.0,298,82052.0,245.66467065868264,1.1509856771977258,36,38,0,0,72,36,3,0,0,0,36,12,0,0,65,0
416,416.0,298,82350.0,246.5568862275449,1.1381600415825097,36,38,0,0,72,36,3,0,0,0,36,12,0,0,65,0
417,417.0,296,82591.0,247.27844311377245,1.131169869251195,36,38,0,0,72,36,1,0,0,0,36,12,0,0,65,0
418,418.0,296,82860.0,249.57831325301206,1.0658455425668099,36,38,0,0,72,36,0,0,1,0,36,12,0,0,65,0
419,419.0,299,83159.0,250.4789156626506,1.0629563242609872,36,38,2,0,72,36,0,1,1,0,36,12,0,0,65,0
420,420.0,300,83459.0,251.38253012048193,1.0590790467693547,36,38,3,0,72,36,0,1,1,0,36,12,0,0,65,0
421,421.0,301,83760.0,250.02985074626866,1.1492140820568564,36,38,4,0,72,36,0,1,1,0,36,12,0,0,65,0
422,422.0,301,84061.0,250.92835820895522,1.083768673854701,36,38,4,0,72,36,0,1,1,0,36,12,0,0,65,0
423,423.0,299,84351.0,251.79402985074626,1.060721136061362,36,38,4,0,72,36,0,0,0,0,36,12,0,0,65,0
424,424.0,299,84650.0,252.6865671641791,1.0603149062971078,36,38,4,0,72,36,0,0,0,0,36,12,0,0,65,0
425,425.0,301,84951.0,253.58507462686566,1.025310872598273,36,38,5,0,72,36,0,0,0,0,36,12,0,0,66,0
426,426.0,302,85253.0,254.4865671641791,1.0008811370646,36,38,6,0,72,36,0,0,0,0,36,12,0,0,66,0
427,427.0,303,85556.0,253.12426035502958,1.1039417080003975,36,38,6,0,72,36,0,0,0,0,36,12,0,0,67,0
428,428.0,304,85860.0,254.02366863905326,1.1193513768377634,36,38,6,0,72,36,1,0,0,0,36,12,0,0,67,0
429,429.0,304,86164.0,254.92307692307693,1.1419380761194686,36,38,6,0,72,36,1,0,0,0,36,12,0,0,67,0
430,430.0,305,86469.0,255.82544378698225,1.1174788701659315,36,38,6,0,72,36,2,0,0,0,36,12,0,0,67,0
431,431.0,306,86775.0,257.4925816023739,1.0559484925652904,36,38,6,0,72,36,3,0,0,0,36,12,0,0,67,0
432,432.0,307,87082.0,259.9462686567164,0.9467332804821126,36,38,6,0,72,36,3,0,0,0,36,12,0,1,67,0
433,433.0,308,87390.0,258.55029585798815,1.0394585259926108,36,38,6,0,72,36,3,0,0,0,36,12,0,2,67,0
434,434.0,310,87700.0,261.01190476190476,0.9338110564531699,36,38,7,0,72,36,3,0,0,0,36,12,0,2,68,0
435,435.0,309,87997.0,261.8958333333333,0.9253161374522472,36,38,7,0,72,36,1,0,0,0,36,12,0,3,68,0
436,436.0,308,88300.0,263.5820895522388,0.8973410602995553,36,38,7,0,72,36,0,0,0,0,36,12,0,3,68,0
437,437.0,308,88608.0,265.2934131736527,0.8506172344755307,36,38,7,0,72,36,0,0,0,0,36,12,0,3,68,0
438,438.0,306,88903.0,266.975975975976,0.8244334778321203,36,38,7,0,72,36,0,0,0,0,36,12,0,1,68,0
439,439.0,306,89205.0,265.49107142857144,0.9493020339948259,36,38,7,0,72,36,0,0,0,0,36,12,0,0,69,0
440,440.0,307,89512.0,267.2,0.8955921365730057,36,38,7,0,72,36,0,1,0,0,36,12,0,0,69,0
441,441.0,305,89773.0,269.5885885885886,0.8283624379759011,36,38,5,0,72,36,0,1,0,0,36,12,0,0,69,0
442,442.0,304,90034.0,270.37237237237235,0.8439585094620969,36,38,3,0,72,36,0,1,0,0,36,12,0,0,70,0
443,443.0,302,90301.0,271.9909638554217,0.8304125356476081,36,38,1,0,72,36,0,1,0,0,36,12,0,0,70,0
444,444.0,302,90593.0,272.87048192771084,0.8719036370913303,36,38,0,0,72,36,0,2,0,0,36,12,0,0,70,0
445,445.0,303,90896.0,271.3313432835821,1.029068649898057,36,38,0,0,72,36,0,3,0,0,36,12,0,0,70,0
446,446.0,304,91200.0,272.23880597014926,1.0662332024456949,36,38,0,0,72,36,0,3,0,0,36,12,0,0,71,0
447,447.0,304,91504.0,273.1462686567164,1.0781163680432724,36,38,0,0,72,36,0,3,0,0,36,12,0,0,71,0
448,448.0,304,91808.0,274.874251497006,1.0445212640589152,36,38,0,0,72,36,0,3,0,0,36,12,0,0,71,0
449,449.0,304,92112.0,275.78443113772454,1.0195376290172,36,38,0,0,72,36,0,3,0,0,36,12,0,0,71,0
450,450.0,305,92417.0,276.6976047904192,0.9668836052666,36,38,0,0,72,36,0,3,0,0,36,12,1,0,71,0
451,451.0,305,92722.0,276.7820895522388,0.9822983697283153,36,38,0,0,72,36,0,3,0,0,36,12,1,0,71,0
452,452.0,308,93030.0,277.7014925373134,0.9234412018297053,36,38,2,0,72,36,0,4,0,0,36,12,1,0,71,0
453,453.0,308,93335.0,278.6119402985075,0.8966798605096105,36,38,2,0,72,36,0,4,0,0,36,12,0,1,71,0
454,454.0,310,93645.0,279.53731343283584,0.9003483467322175,36,38,4,0,72,36,0,4,0,0,36,12,0,1,71,0
455,455.0,310,93955.0,280.46268656716416,0.8975642947527603,36,38,4,0,72,36,0,4,0,0,36,12,0,1,71,0
456,456.0,311,94266.0,281.39104477611943,0.8821989385440694,36,38,4,0,72,36,0,4,0,0,36,12,0,1,72,0
457,457.0,311,94577.0,279.81360946745565,0.9653605508722466,36,38,4,0,72,36,0,4,0,0,36,12,0,1,72,0
458,458.0,311,94888.0,280.73372781065086,0.9530186142194959,36,38,4,0,72,36,0,4,0,0,36,12,0,1,72,0
459,459.0,311,95166.0,281.5562130177515,0.9399029287582462,36,38,4,0,72,36,0,2,0,0,37,12,0,2,72,0
460,460.0,309,95451.0,282.39940828402365,0.9058945086103912,36,38,4,0,72,36,0,0,0,0,37,12,0,2,72,0
461,461.0,309,95760.0,283.31360946745565,0.8625628521699761,36,38,4,0,72,36,0,0,0,0,37,12,0,2,72,0
462,462.0,308,96056.0,284.18934911242604,0.8697780796952882,36,38,4,0,72,36,1,0,0,0,37,12,0,0,72,0
463,463.0,308,96364.0,282.5923753665689,1.0145109725141483,36,38,4,0,72,36,1,0,0,0,37,12,0,0,72,0
464,464.0,308,96672.0,283.49560117302053,1.046521051776332,36,38,4,0,72,36,1,0,0,0,37,12,0,0,72,0
465,465.0,308,96980.0,284.3988269794721,1.050792625459693,36,38,4,0,72,36,1,0,0,0,37,12,0,0,72,0
466,466.0,309,97289.0,286.1441176470588,1.0367022192082371,36,38,4,0,72,36,1,0,0,0,38,12,0,0,72,0
467,467.0,309,97598.0,287.89970501474926,0.9777023279316299,36,38,4,0,72,36,1,0,0,0,38,12,0,0,72,0
468,468.0,308,97874.0,288.71386430678467,0.9496490709619594,36,38,3,0,72,36,1,0,0,0,38,12,0,0,72,0
469,469.0,307,98151.0,286.99122807017545,1.0747865642409407,36,38,1,0,72,36,1,1,0,0,38,12,0,0,72,0
470,470.0,307,98456.0,289.5764705882353,0.9906458138959179,36,38,1,0,72,36,1,1,0,0,38,12,0,0,72,0
471,471.0,306,98761.0,290.47352941176473,1.024405064017979,36,38,0,0,72,36,1,1,0,0,38,12,0,0,72,0
472,472.0,306,99067.0,292.2330383480826,1.0080317360878137,36,38,0,0,72,36,1,1,0,0,38,12,0,0,72,0
473,473.0,307,99374.0,294.8783382789318,0.9522042798330013,36,38,0,0,72,36,1,1,0,0,39,12,0,0,72,0
474,474.0,308,99682.0,295.79228486646883,0.9492924036121647,36,38,0,0,72,36,1,2,0,0,39,12,0,0,72,0
475,475.0,309,99991.0,294.0911764705882,1.0624736878911107,36,38,0,0,72,36,1,2,0,0,39,12,0,1,72,0
476,476.0,310,100301.0,295.0029411764706,1.0322794087527392,36,38,0,0,72,36,1,2,0,0,40,12,0,1,72,0
477,477.0,311,100597.0,296.74631268436576,0.991107989379094,36,38,2,0,72,36,0,2,0,0,40,12,0,1,72,0
478,478.0,311,100908.0,299.43026706231456,0.9188607854615336,36,38,2,0,72,36,0,2,0,0,40,12,0,1,72,0
479,479.0,311,101219.0,300.35311572700294,0.9234815793518172,36,38,2,0,72,36,0,2,0,0,40,12,0,1,72,0
480,480.0,311,101530.0,302.17261904761904,0.8867042838406425,36,38,2,0,72,36,0,2,0,0,40,12,0,1,72,0
481,481.0,311,101841.0,300.4159292035398,0.9948525796937789,36,38,2,0,72,36,0,2,0,0,40,12,0,1,72,0
482,482.0,312,102153.0,301.3362831858407,0.9742253542950248,36,38,3,0,72,36,0,2,0,0,40,12,0,1,72,0
483,483.0,310,102440.0,302.18289085545723,0.9636664603975593,36,38,3,0,72,36,0,0,0,0,40,12,0,1,72,0
484,484.0,311,102751.0,303.10029498525074,0.9337453779769439,36,38,3,0,72,36,0,0,0,0,41,12,0,1,72,0
485,485.0,311,103062.0,304.01769911504425,0.9286371587226552,36,38,3,0,72,36,0,0,0,0,41,12,0,1,72,0
486,486.0,310,103361.0,304.89970501474926,0.9272375252627066,36,38,3,0,72,36,0,0,0,0,41,12,0,0,72,0
487,487.0,310,103671.0,303.13157894736844,1.04092600830161,36,38,3,0,72,36,0,0,0,0,41,12,0,0,72,0
488,488.0,310,103981.0,304.03801169590645,1.0382947125738622,36,38,3,0,72,36,0,0,0,0,41,12,0,0,72,0
489,489.0,310,104291.0,304.94444444444446,1.0174423710293201,36,38,3,0,72,36,0,0,0,0,41,12,0,0,72,0
490,490.0,311,104602.0,305.85380116959067,1.0077904266866458,36,38,3,0,72,36,0,0,0,0,42,12,0,0,72,0
491,491.0,312,104914.0,306.766081871345,1.0171401288341866,36,38,3,0,72,36,0,0,0,0,43,12,0,0,72,0
492,492.0,314,105228.0,308.5865102639296,0.9816998010479299,36,38,5,0,72,36,0,0,0,0,43,12,0,0,72,0
493,493.0,314,105542.0,306.8081395348837,1.075589334889134,36,38,5,0,72,36,0,0,0,0,43,12,0,0,72,0
494,494.0,314,105856.0,309.5204678362573,0.9903248747681893,36,38,5,0,72,36,0,0,0,0,43,12,0,0,72,0
495,495.0,314,106170.0,311.34897360703815,0.9544119805267881,36,38,5,0,72,36,0,0,0,0,43,12,0,0,72,0
496,496.0,315,106485.0,312.27272727272725,0.9394263580138473,36,38,5,0,72,36,0,0,1,0,43,12,0,0,72,0
497,497.0,315,106800.0,314.11764705882354,0.8893263062252191,36,38,5,0,72,36,0,0,1,0,43,12,0,0,72,0
498,498.0,315,107115.0,315.04411764705884,0.8520465539527439,36,38,5,0,72,36,0,0,1,0,43,12,0,0,72,0
499,499.0,315,107430.0,315.97058823529414,0.8203026237166127,36,38,5,0,72,36,0,0,1,0,43,12,0,0,72,0
500,500.0,316,107746.0,319.72106824925817,0.6908767239864448,36,38,6,0,72,36,0,0,1,0,43,12,0,0,72,0
501,501.0,316,108062.0,321.61309523809524,0.6204623444542213,36,38,6,0,72,36,0,0,1,0,43,12,0,0,72,0
502,502.0,319,108381.0,323.52537313432833,0.5511214585332842,36,38,6,0,72,36,0,0,2,0,44,12,0,1,72,0
503,503.0,319,108700.0,324.4776119402985,0.5402654320063549,36,38,6,0,72,36,0,0,2,0,44,12,0,1,72,0
504,504.0,318,109008.0,325.3970149253731,0.5172955516156484,36,38,7,0,72,36,0,0,0,0,44,12,0,1,72,0
505,505.0,319,109327.0,323.4526627218935,0.6340149416409555,36,38,7,0,72,36,0,0,0,0,44,12,0,2,72,0
506,506.0,319,109646.0,324.396449704142,0.6032224677853045,36,38,7,0,72,36,0,0,0,0,44,12,0,2,72,0
507,507.0,317,109903.0,325.1568047337278,0.6303258208471463,36,38,5,0,72,36,0,0,0,0,44,12,0,2,72,0
508,508.0,315,110176.0,325.96449704142015,0.6562764428782706,36,38,3,0,72,36,0,0,0,0,44,12,0,2,72,0
509,509.0,314,110464.0,326.8165680473373,0.6746922670148665,36,38,1,0,72,36,0,0,0,0,45,12,0,2,72,0
510,510.0,312,110757.0,327.6834319526627,0.7146900041362394,36,38,0,0,72,36,0,0,0,0,46,12,0,0,72,0
511,511.0,312,111069.0,325.7155425219941,0.8861359779074222,36,38,0,0,72,36,0,0,0,0,46,12,0,0,72,0
512,512.0,312,111381.0,326.63049853372434,0.9289494068759646,36,38,0,0,72,36,0,0,0,0,46,12,0,0,72,0
513,513.0,312,111693.0,327.54545454545456,0.970477811943959,36,38,0,0,72,36,0,0,0,0,46,12,0,0,72,0
514,514.0,312,112005.0,328.46041055718473,0.9904105672896744,36,38,0,0,72,36,0,0,0,0,46,12,0,0,72,0
515,515.0,312,112317.0,329.37536656891496,0.9718529737449014,36,38,0,0,72,36,0,0,0,0,46,12,0,0,72,0
516,516.0,315,112632.0,330.2991202346041,0.9630334448950563,36,38,2,0,72,36,0,0,0,0,47,12,0,0,72,0
517,517.0,315,112947.0,328.3343023255814,1.0674872807313212,36,38,2,0,72,36,0,0,0,0,47,12,0,0,72,0
518,518.0,315,113262.0,329.25,1.0502779295963898,36,38,2,0,72,36,0,0,0,0,47,12,0,0,72,0
519,519.0,315,113577.0,331.12827988338194,1.0062229785680104,36,38,2,0,72,36,0,0,0,0,47,12,0,0,72,0
520,520.0,315,113892.0,332.0466472303207,1.0107661844209022,36,38,2,0,72,36,0,0,0,0,47,12,0,0,72,0
521,521.0,316,114208.0,332.9679300291545,0.9961756423422432,36,38,2,0,72,36,0,0,0,0,48,12,0,0,72,0
522,522.0,316,114524.0,333.88921282798833,0.99935623291239,36,38,2,0,72,36,0,0,0,0,48,12,0,0,72,0
523,523.0,316,114840.0,331.90751445086704,1.099579673616668,36,38,2,0,72,36,0,0,0,0,48,12,0,0,72,0
524,524.0,316,115156.0,332.8208092485549,1.0604088913200123,36,38,2,0,72,36,0,0,0,0,48,12,0,0,72,0
525,525.0,316,115472.0,334.70144927536234,0.9867917007545902,36,38,2,0,72,36,0,0,0,0,48,12,0,0,72,0
526,526.0,318,115790.0,335.6231884057971,0.949363351723383,36,38,2,0,72,36,0,0,0,0,49,12,0,1,72,0
527,527.0,318,116108.0,337.5232558139535,0.8784032189482645,36,38,2,0,72,36,0,0,0,0,49,12,0,1,72,0
528,528.0,319,116427.0,339.43731778425655,0.8013233407935106,36,38,2,0,72,36,1,0,0,0,49,12,0,1,72,0
529,529.0,320,116747.0,337.41907514450867,0.8848429926881618,36,38,2,0,72,36,2,0,0,0,49,12,0,1,72,0
530,530.0,321,117068.0,338.3468208092485,0.8613399632956534,36,38,2,0,72,36,2,0,0,0,49,12,0,2,72,0
531,531.0,322,117390.0,339.2774566473988,0.8256505869735687,36,38,3,0,72,36,2,0,0,0,49,12,0,2,72,0
532,532.0,323,117713.0,340.21098265895955,0.8034575117838673,36,38,3,0,72,36,2,0,0,0,50,12,0,2,72,0
533,533.0,324,118037.0,342.13623188405796,0.7508476525376017,36,38,4,0,72,36,2,0,0,0,50,12,0,2,72,0
534,534.0,321,118310.0,344.9271137026239,0.6735460237162513,36,38,3,0,72,36,2,0,0,0,50,12,0,0,72,0
535,535.0,319,118624.0,343.8376811594203,0.7477296250706855,36,38,1,0,72,36,2,0,0,0,50,12,0,0,72,0
536,536.0,318,118939.0,344.7507246376812,0.7415828623563324,36,38,0,0,72,36,2,0,0,0,50,12,0,0,72,0
537,537.0,318,119257.0,345.67246376811596,0.7583272362797739,36,38,0,0,72,36,2,0,0,0,50,12,0,0,72,0
538,538.0,320,119577.0,346.6,0.7746287008981928,36,38,0,0,72,36,2,0,1,0,51,12,0,0,72,0
539,539.0,320,119897.0,347.5275362318841,0.7912424824885659,36,38,0,0,72,36,2,0,1,0,51,12,0,0,72,0
540,540.0,317,120189.0,348.37391304347824,0.822783665203034,36,38,0,0,72,36,0,0,0,0,51,12,0,0,72,0
541,541.0,317,120506.0,346.2816091954023,0.9384136124892374,36,38,0,0,72,36,0,0,0,0,51,12,0,0,72,0
542,542.0,318,120824.0,347.1954022988506,0.9319287054843387,36,38,0,0,72,36,0,0,0,0,51,12,1,0,72,0
543,543.0,319,121143.0,348.11206896551727,0.9066894081709149,36,38,0,0,72,36,0,1,0,0,51,12,1,0,72,0
544,544.0,320,121463.0,350.0374639769452,0.8494597714828612,36,38,1,0,72,36,0,1,0,0,51,12,1,0,72,0
545,545.0,321,121784.0,350.9625360230548,0.825410607632283,36,38,1,0,72,36,0,2,0,0,51,12,1,0,72,0
546,546.0,322,122102.0,351.87896253602304,0.823988476824335,36,38,1,0,72,36,0,2,0,0,52,12,0,1,72,0
547,547.0,323,122425.0,349.7857142857143,0.9290668564160198,36,38,2,0,72,36,0,2,0,0,52,12,0,1,72,0
548,548.0,323,122748.0,350.7085714285714,0.9342124786256256,36,38,2,0,72,36,0,2,0,0,52,12,0,1,72,0
549,549.0,324,123072.0,352.6418338108883,0.9026610745759088,36,38,2,0,72,36,0,2,0,0,53,12,0,1,72,0
550,550.0,324,123396.0,353.5702005730659,0.9052087070589563,36,38,2,0,72,36,0,2,0,0,53,12,0,1,72,0
551,551.0,324,123720.0,354.49856733524354,0.8902203756021847,36,38,2,0,72,36,0,2,0,0,53,12,0,1,72,0
552,552.0,324,124044.0,355.4269340974212,0.861831137421225,36,38,2,0,72,36,0,2,0,0,53,12,0,1,72,0
553,553.0,324,124368.0,353.3181818181818,0.9460158737617053,36,38,2,0,72,36,0,2,0,0,53,12,0,1,72,0
554,554.0,326,124694.0,355.25356125356126,0.8705514354223481,36,38,2,0,72,36,1,2,0,0,53,12,0,2,72,0
555,555.0,326,125020.0,356.1823361823362,0.8730410731636702,36,38,2,0,72,36,1,2,0,0,53,12,0,2,72,0
556,556.0,326,125346.0,358.13142857142856,0.8239087427816535,36,38,2,0,72,36,1,2,0,0,53,12,0,2,72,0
557,557.0,328,125674.0,359.06857142857143,0.8064307792557945,36,38,2,0,72,36,2,2,0,0,54,12,0,2,72,0
558,558.0,328,126002.0,360.0057142857143,0.76508272321185,36,38,2,0,72,36,2,2,0,0,54,12,0,2,72,0
559,559.0,328,126330.0,358.89204545454544,0.7988748402182093,36,38,2,0,72,36,2,2,0,0,54,12,0,2,72,0
560,560.0,329,126659.0,360.85185185185185,0.7051313116942186,36,38,2,0,72,36,2,3,0,0,54,12,0,2,72,0
561,561.0,325,126928.0,362.6514285714286,0.6806850973318452,36,38,2,0,72,36,2,1,0,0,54,12,0,0,72,0
562,562.0,326,127252.0,363.57714285714286,0.6823216949622586,36,38,3,0,72,36,2,0,0,0,55,12,0,0,72,0
563,563.0,326,127578.0,365.55300859598856,0.6743031379538937,36,38,3,0,72,36,2,0,0,0,55,12,0,0,72,0
564,564.0,326,127904.0,366.487106017192,0.6728112079470635,36,38,3,0,72,36,2,0,0,0,55,12,0,0,72,0
565,565.0,326,128230.0,364.28977272727275,0.7772372230327623,36,38,3,0,72,36,2,0,0,0,55,12,0,0,72,0
566,566.0,326,128556.0,365.21590909090907,0.7756766017546244,36,38,3,0,72,36,2,0,0,0,55,12,0,0,72,0
567,567.0,327,128883.0,366.1448863636364,0.795073395572836,36,38,4,0,72,36,2,0,0,0,55,12,0,0,72,0
568,568.0,328,129211.0,367.07670454545456,0.8000422543546829,36,38,5,0,72,36,2,0,0,0,55,12,0,0,72,0
569,569.0,328,129539.0,368.00852272727275,0.7999895471159804,36,38,5,0,72,36,2,0,0,0,55,12,0,0,72,0
570,570.0,330,129869.0,368.94602272727275,0.7791449716817744,36,38,6,0,72,36,2,0,0,0,56,12,0,0,72,0
571,571.0,330,130199.0,366.75774647887323,0.872772956189941,36,38,6,0,72,36,2,0,0,0,56,12,0,0,72,0
572,572.0,331,130530.0,367.6901408450704,0.8357832293863,36,38,6,0,72,36,2,0,1,0,56,12,0,0,72,0
573,573.0,332,130862.0,368.62535211267607,0.8136645405040864,36,38,6,0,72,36,2,0,1,0,57,12,0,0,72,0
574,574.0,332,131194.0,369.5605633802817,0.7888871060325169,36,38,6,0,72,36,2,0,1,0,57,12,0,0,72,0
575,575.0,332,131526.0,370.49577464788734,0.7463302671594626,36,38,6,0,72,36,2,0,1,0,57,12,0,0,72,0
576,576.0,333,131859.0,372.4830508474576,0.6400313346356123,36,38,6,0,72,36,2,0,1,0,57,12,0,1,72,0
577,577.0,334,132193.0,371.32865168539325,0.6964806074736457,36,38,6,0,72,36,2,0,1,0,57,12,1,1,72,0
578,578.0,335,132528.0,373.3183098591549,0.6182281713778086,36,38,7,0,72,36,2,0,1,0,57,12,1,1,72,0
579,579.0,334,132855.0,375.29661016949154,0.5863764973826266,36,38,7,0,72,36,2,0,0,0,57,12,1,1,72,0
580,580.0,336,133191.0,377.3116147308782,0.5521847804963707,36,38,8,0,72,36,2,0,0,0,58,12,1,1,72,0
581,581.0,336,133527.0,379.3380681818182,0.5181434247493751,36,38,8,0,72,36,2,0,0,0,58,12,1,1,72,0
582,582.0,336,133863.0,380.2926136363636,0.4993803730038808,36,38,8,0,72,36,2,0,0,0,58,12,1,1,72,0
583,583.0,336,134199.0,378.02535211267605,0.6168176514875767,36,38,8,0,72,36,2,0,0,0,58,12,1,1,72,0
584,584.0,337,134536.0,378.97464788732395,0.6118685291906323,36,38,8,0,72,36,2,0,0,0,58,12,1,2,72,0
585,585.0,337,134865.0,379.90140845070425,0.5957022027525023,36,38,8,0,72,36,2,0,0,0,59,12,0,2,72,0
586,586.0,337,135202.0,380.8507042253521,0.5517405411022497,36,38,8,0,72,36,2,0,0,0,59,12,0,2,72,0
587,587.0,338,135540.0,381.80281690140845,0.5202482128025117,36,38,8,0,72,36,2,1,0,0,59,12,0,2,72,0
588,588.0,334,135773.0,382.45915492957744,0.5049096635391308,36,38,6,0,72,36,2,1,0,0,59,12,0,0,72,0
589,589.0,333,136057.0,380.04748603351953,0.6274317042687811,36,38,4,0,72,36,2,2,0,0,59,12,0,0,72,0
590,590.0,332,136347.0,380.85754189944134,0.6251146293561344,36,38,2,0,72,36,2,2,0,0,60,12,0,0,72,0
591,591.0,329,136581.0,381.5111731843575,0.636918286123076,36,38,0,0,72,36,0,3,0,0,60,12,0,0,72,0
592,592.0,330,136911.0,382.4329608938547,0.6980837494029277,36,38,0,0,72,36,0,4,0,0,60,12,0,0,72,0
593,593.0,330,137241.0,383.35474860335194,0.7490435648588375,36,38,0,0,72,36,0,4,0,0,60,12,0,0,72,0
594,594.0,331,137572.0,384.27932960893855,0.8034565833397794,36,38,0,0,72,36,0,5,0,0,60,12,0,0,72,0
595,595.0,331,137903.0,382.0027700831025,0.9814637889207113,36,38,0,0,72,36,0,5,0,0,60,12,0,0,72,0
596,596.0,332,138235.0,382.9224376731302,1.0085734734179193,36,38,0,0,72,36,0,5,0,0,61,12,0,0,72,0
597,597.0,332,138567.0,383.8421052631579,0.988255959899451,36,38,0,0,72,36,0,5,0,0,61,12,0,0,72,0
598,598.0,333,138900.0,384.7645429362881,0.9476697694822153,36,38,1,0,72,36,0,5,0,0,61,12,0,0,72,0
599,599.0,334,139234.0,385.68975069252076,0.9153764535874311,36,38,2,0,72,36,0,5,0,0,61,12,0,0,72,0
600,600.0,334,139568.0,386.61495844875344,0.8857627957807573,36,38,2,0,72,36,0,5,0,0,61,12,0,0,72,0
601,601.0,336,139904.0,384.35164835164835,0.9714346266991075,36,38,2,0,72,36,0,5,0,0,62,12,0,1,72,0
602,602.0,337,140241.0,385.2774725274725,0.9219052553409781,36,38,3,0,72,36,0,5,0,0,62,12,0,1,72,0
603,603.0,337,140578.0,386.2032967032967,0.8675091230169741,36,38,3,0,72,36,0,5,0,0,62,12,0,1,72,0
604,604.0,337,140915.0,387.1291208791209,0.7912104042913819,36,38,3,0,72,36,0,5,0,0,62,12,0,1,72,0
605,605.0,337,141252.0,389.12396694214874,0.6795702746247151,36,38,3,0,72,36,0,5,0,0,62,12,0,1,72,0
606,606.0,340,141587.0,391.1243093922652,0.6081926075867338,36,38,5,0,72,36,2,5,0,0,62,12,0,0,72,0
607,607.0,340,141927.0,388.84109589041094,0.7097860076431066,36,38,5,0,72,36,2,5,0,0,62,12,0,0,72,0
608,608.0,342,142269.0,389.7780821917808,0.7032456729926807,36,38,5,0,72,36,4,5,0,0,62,12,0,0,72,0
609,609.0,343,142606.0,390.7013698630137,0.6986033689547508,36,38,5,0,72,36,4,5,0,0,63,12,0,0,72,0
610,610.0,341,142943.0,391.6246575342466,0.7010379772045896,36,38,5,0,72,36,2,5,0,0,63,12,0,0,72,0
611,611.0,339,143278.0,392.54246575342466,0.6997445852626978,36,38,5,0,72,36,0,5,0,0,63,12,0,0,72,0
612,612.0,337,143567.0,393.3342465753425,0.6705145728744347,36,38,5,0,72,36,0,3,0,0,63,12,0,0,72,0
613,613.0,335,143859.0,390.92119565217394,0.7413910258465176,36,38,5,0,72,36,0,1,0,0,63,12,0,0,72,0
614,614.0,335,144174.0,391.7771739130435,0.727795302112386,36,38,5,0,72,36,0,1,0,0,63,12,0,0,72,0
615,615.0,337,144510.0,392.6902173913044,0.7417495281318962,36,38,6,0,72,36,0,0,0,0,64,12,1,0,72,0
616,616.0,338,144848.0,393.60869565217394,0.7675356393392088,36,38,7,0,72,36,0,0,0,0,64,12,1,0,72,0
617,617.0,339,145187.0,394.5298913043478,0.794341570002208,36,38,7,0,72,36,0,0,0,0,65,12,1,0,72,0
618,618.0,339,145523.0,395.4429347826087,0.8500063720206651,36,38,7,0,72,36,0,0,0,0,65,12,0,1,72,0
619,619.0,339,145862.0,393.1590296495957,1.0013315172477588,36,38,7,0,72,36,0,0,0,0,65,12,0,1,72,0
620,620.0,340,146202.0,394.07547169811323,0.998350993406354,36,38,8,0,72,36,0,0,0,0,65,12,0,1,72,0
621,621.0,338,146495.0,394.86522911051213,0.9688131014890263,36,38,6,0,72,36,0,0,0,0,65,12,0,1,72,0
622,622.0,338,146797.0,396.74864864864867,0.9259162444528126,36,38,4,0,72,36,0,2,0,0,65,12,0,1,72,0
623,623.0,336,147109.0,397.5918918918919,0.9562543610290521,36,38,2,0,72,36,0,2,0,0,65,12,0,1,72,0
624,624.0,335,147431.0,399.5420054200542,0.9537804222475607,36,38,0,0,72,36,0,2,0,0,66,12,0,1,72,0
625,625.0,336,147767.0,398.2938005390836,1.0545648945400328,36,38,0,0,72,36,0,3,0,0,66,12,0,1,72,0
626,626.0,336,148103.0,402.45380434782606,0.9542902859220735,36,38,0,0,72,36,0,3,0,0,66,12,0,1,72,0
627,627.0,337,148440.0,405.57377049180326,0.910873649325477,36,38,0,0,72,36,0,3,0,0,66,12,0,2,72,0
628,628.0,337,148777.0,406.4945355191257,0.911420306317507,36,38,0,0,72,36,0,3,0,0,66,12,0,2,72,0
629,629.0,337,149114.0,409.65384615384613,0.8087520879620925,36,38,0,0,72,36,0,3,0,0,66,12,0,2,72,0
630,630.0,335,149434.0,412.8011049723757,0.6832464364923293,36,38,0,0,72,36,0,3,0,0,66,12,0,0,72,0
631,631.0,336,149770.0,410.32876712328766,0.7535258988999038,36,38,0,0,72,36,0,4,0,0,66,12,0,0,72,0
632,632.0,339,150109.0,411.25753424657535,0.7156977420562417,36,38,2,0,72,36,0,4,0,0,67,12,0,0,72,0
633,633.0,342,150451.0,412.1945205479452,0.7041697264615745,36,38,3,0,72,36,0,6,0,0,67,12,0,0,72,0
634,634.0,342,150793.0,413.1315068493151,0.6992684177178397,36,38,3,0,72,36,0,6,0,0,67,12,0,0,72,0
635,635.0,344,151137.0,414.07397260273973,0.6766408821648179,36,38,4,0,72,36,0,6,0,0,68,12,0,0,72,0
636,636.0,344,151481.0,415.0164383561644,0.6529357608532664,36,38,4,0,72,36,0,6,0,0,68,12,0,0,72,0
637,637.0,344,151825.0,412.5679347826087,0.7507588373615314,36,38,4,0,72,36,0,6,0,0,68,12,0,0,72,0
638,638.0,344,152169.0,413.5027173913044,0.7471081611906173,36,38,4,0,72,36,0,6,0,0,68,12,0,0,72,0
639,639.0,345,152514.0,414.4402173913044,0.7332451924105944,36,38,5,0,72,36,0,6,0,0,68,12,0,0,72,0
640,640.0,345,152859.0,415.3777173913044,0.7245116940531323,36,38,5,0,72,36,0,6,0,0,68,12,0,0,72,0
641,641.0,346,153205.0,416.3179347826087,0.7106817469244635,36,38,5,0,72,36,0,6,0,0,68,12,0,1,72,0
642,642.0,344,153529.0,417.1983695652174,0.7079676529709206,36,38,3,0,72,36,0,6,0,0,68,12,0,1,72,0
643,643.0,344,153855.0,414.70350404312666,0.8084808158682556,36,38,2,0,72,36,0,6,0,0,69,12,0,1,72,0
644,644.0,342,154191.0,415.6091644204852,0.8138144523134059,36,38,0,0,72,36,0,6,0,0,69,12,0,1,72,0
645,645.0,342,154533.0,416.53099730458223,0.8292724082455603,36,38,0,0,72,36,0,6,0,0,69,12,0,1,72,0
646,646.0,342,154875.0,417.45283018867923,0.8682637952998122,36,38,0,0,72,36,0,6,0,0,69,12,0,1,72,0
647,647.0,342,155217.0,419.5054054054054,0.8410849212363306,36,38,0,0,72,36,0,6,0,0,69,12,0,1,72,0
648,648.0,342,155559.0,420.42972972972973,0.8378202798654967,36,38,0,0,72,36,0,6,0,0,69,12,0,1,72,0
649,649.0,342,155901.0,419.08870967741933,0.9269115656340728,36,38,0,0,72,36,0,6,0,0,69,12,0,1,72,0
650,650.0,344,156245.0,422.2837837837838,0.8468462829456035,36,38,0,0,72,36,0,6,0,0,70,12,0,2,72,0
651,651.0,342,156576.0,423.1783783783784,0.8448539646846229,36,38,0,0,72,36,0,6,0,0,70,12,0,0,72,0
652,652.0,343,156919.0,425.25474254742545,0.7810751777056433,36,38,1,0,72,36,0,6,0,0,70,12,0,0,72,0
653,653.0,343,157262.0,427.3423913043478,0.7319130339347086,36,38,1,0,72,36,0,6,0,0,70,12,0,0,72,0
654,654.0,344,157606.0,428.2771739130435,0.7095577399653863,36,38,1,0,72,36,0,6,0,0,71,12,0,0,72,0
655,655.0,345,157951.0,425.74393530997304,0.7669072649474693,36,38,1,0,72,36,0,7,0,0,71,12,0,0,72,0
656,656.0,346,158297.0,426.6765498652291,0.7284793184225054,36,38,1,0,72,36,0,8,0,0,71,12,0,0,72,0
657,657.0,346,158643.0,427.6091644204852,0.7018089463705504,36,38,1,0,72,36,0,8,0,0,71,12,0,0,72,0
658,658.0,347,158990.0,428.544474393531,0.6784464710233797,36,38,1,0,72,36,0,9,0,0,71,12,0,0,72,0
659,659.0,349,159339.0,429.4851752021563,0.6787233286825838,36,38,1,0,72,36,0,10,0,0,72,12,0,0,72,0
660,660.0,348,159611.0,430.21832884097034,0.6705804443070073,36,38,2,0,72,36,0,8,0,0,72,12,0,0,72,0
661,661.0,346,159891.0,427.51604278074865,0.7629938034317097,36,38,2,0,72,36,0,6,0,0,72,12,0,0,72,0
662,662.0,344,160177.0,428.2807486631016,0.7447822049719582,36,38,2,0,72,36,0,4,0,0,72,12,0,0,72,0
663,663.0,344,160506.0,429.16042780748666,0.7650504286034324,36,38,2,0,72,36,0,2,0,0,72,12,1,1,72,0
664,664.0,343,160838.0,430.048128342246,0.795213210113542,37,38,2,0,72,36,0,0,0,0,72,12,1,1,72,0
665,665.0,344,161182.0,430.96791443850265,0.8419865467370322,37,38,3,0,72,36,0,0,0,0,72,12,1,1,72,0
666,666.0,343,161522.0,431.8770053475936,0.8811942460906192,37,38,3,0,72,36,0,0,0,0,72,12,0,1,72,0
667,667.0,343,161865.0,429.3501326259947,1.015407279779553,37,38,3,0,72,36,0,0,0,0,72,12,0,1,72,0
668,668.0,344,162209.0,430.262599469496,1.008805877605216,37,38,4,0,72,36,0,0,0,0,72,12,0,1,72,0
669,669.0,344,162553.0,433.4746666666667,0.9166648522485946,37,38,4,0,72,36,0,0,0,0,72,12,0,1,72,0
670,670.0,346,162899.0,434.39733333333334,0.889042486001346,38,38,4,0,72,36,0,1,0,0,72,12,0,1,72,0
671,671.0,347,163246.0,436.4866310160428,0.8428225341864292,38,38,4,0,72,36,0,2,0,0,72,12,0,1,72,0
672,672.0,348,163585.0,437.39304812834223,0.800152186359044,38,38,4,0,72,36,0,4,0,0,72,12,0,0,72,0
673,673.0,348,163933.0,437.1546666666667,0.8347927164256266,38,38,4,0,72,36,0,4,0,0,72,12,0,0,72,0
674,674.0,349,164282.0,440.4343163538874,0.7515999667248392,39,38,4,0,72,36,0,4,0,0,72,12,0,0,72,0
675,675.0,349,164631.0,442.55645161290323,0.7246223118383621,39,38,4,0,72,36,0,4,0,0,72,12,0,0,72,0
676,676.0,350,164981.0,445.8945945945946,0.6337473104165546,39,38,4,0,72,36,0,5,0,0,72,12,0,0,72,0
677,677.0,350,165331.0,448.05149051490514,0.5882337648009727,39,38,4,0,72,36,0,5,0,0,72,12,0,0,72,0
678,678.0,351,165682.0,450.2228260869565,0.5222590760819322,39,38,4,0,72,36,0,6,0,0,72,12,0,0,72,0
679,679.0,352,166034.0,447.53099730458223,0.5968582811394358,39,38,4,0,72,36,0,7,0,0,72,12,0,0,72,0
680,680.0,352,166386.0,448.47978436657684,0.5427718434994371,39,38,4,0,72,36,0,7,0,0,72,12,0,0,72,0
681,681.0,350,166691.0,449.3018867924528,0.5277851649021148,39,38,2,0,72,36,0,7,0,0,72,12,0,0,72,0
682,682.0,350,167005.0,450.14824797843664,0.5101830506231714,40,38,1,0,72,36,0,7,0,0,72,12,0,0,72,0
683,683.0,349,167353.0,451.08625336927224,0.49192592295011045,40,38,0,0,72,36,0,7,0,0,72,12,0,0,72,0
684,684.0,350,167703.0,452.0296495956873,0.46564267047975094,40,38,0,0,72,36,0,7,0,0,72,12,0,1,72,0
685,685.0,351,168054.0,449.3422459893048,0.5558155334644101,40,38,0,0,72,36,0,7,1,0,72,12,0,1,72,0
686,686.0,353,168407.0,450.2860962566845,0.5683450267495143,40,38,0,0,72,36,0,7,1,0,72,12,1,2,72,0
687,687.0,354,168761.0,451.23262032085563,0.587778940858038,41,38,0,0,72,36,0,7,1,0,72,12,1,2,72,0
688,688.0,355,169116.0,452.1818181818182,0.557103277238762,41,38,0,0,72,36,0,7,2,0,72,12,1,2,72,0
689,689.0,355,169471.0,453.13101604278074,0.5192598909357299,41,38,0,0,72,36,0,7,2,0,72,12,1,2,72,0
690,690.0,355,169822.0,454.06951871657753,0.4932832562349739,41,38,0,0,72,36,0,7,2,0,72,12,0,3,72,0
691,691.0,358,170180.0,451.40583554376656,0.5850330707871456,41,38,2,0,72,36,0,7,3,0,72,12,0,3,72,0
692,692.0,358,170538.0,452.3554376657825,0.5708639673354773,41,38,2,0,72,36,0,7,3,0,72,12,0,3,72,0
693,693.0,358,170896.0,453.3050397877984,0.5493410595547662,41,38,2,0,72,36,0,7,3,0,72,12,0,3,72,0
694,694.0,359,171255.0,454.2572944297082,0.49044806797675244,42,38,2,0,72,36,0,7,3,0,72,12,0,3,72,0
695,695.0,359,171614.0,455.209549071618,0.4437791854301704,42,38,2,0,72,36,0,7,3,0,72,12,0,3,72,0
696,696.0,358,171953.0,456.1087533156499,0.4219952142720752,43,38,2,0,72,36,0,7,1,0,72,12,0,3,72,0
697,697.0,359,172306.0,453.43684210526317,0.5015192539822312,43,38,2,0,72,36,1,8,0,0,72,12,0,3,72,0
698,698.0,360,172666.0,454.38421052631577,0.4691192423294255,43,38,2,0,72,36,2,8,0,0,72,12,0,3,72,0
699,699.0,360,172998.0,455.2578947368421,0.440765119501809,43,38,2,0,72,36,2,9,0,0,72,12,0,2,72,0
700,700.0,360,173347.0,456.1763157894737,0.4152312382306409,43,38,2,0,72,36,4,9,0,0,72,12,0,0,72,0
701,701.0,361,173708.0,457.12631578947367,0.42816581336702064,43,38,2,0,72,36,5,9,0,0,72,12,0,0,72,0
702,702.0,361,174069.0,458.0763157894737,0.43260642842897423,43,38,2,0,72,36,5,9,0,0,72,12,0,0,72,0
703,703.0,363,174432.0,455.4360313315927,0.5402075730678689,44,38,2,0,72,36,6,9,0,0,72,12,0,0,72,0
704,704.0,363,174795.0,456.3838120104439,0.5519613640136036,44,38,2,0,72,36,6,9,0,0,72,12,0,0,72,0
705,705.0,362,175088.0,457.14882506527414,0.5674211153653681,44,38,2,0,72,36,6,8,0,0,72,12,0,0,72,0
706,706.0,361,175381.0,457.91383812010446,0.5815204579622397,44,38,3,0,72,36,6,6,0,0,72,12,0,0,72,0
707,707.0,359,175681.0,458.6971279373368,0.6065056445051318,44,38,3,0,72,36,6,4,0,0,72,12,0,0,72,0
708,708.0,355,175974.0,459.4621409921671,0.6286346560130999,44,38,3,0,72,36,4,2,0,0,72,12,0,0,72,0
709,709.0,351,176293.0,456.7176165803109,0.7722201271427708,44,38,3,0,72,36,2,0,0,0,72,12,0,0,72,0
710,710.0,350,176627.0,457.58290155440415,0.835107281881456,44,38,3,0,72,36,0,0,0,0,72,12,0,1,72,0
711,711.0,351,176978.0,458.4922279792746,0.901936039892392,45,38,3,0,72,36,0,0,0,0,72,12,0,1,72,0
712,712.0,351,177329.0,459.4015544041451,0.9449104035334419,45,38,3,0,72,36,0,0,0,0,72,12,0,1,72,0
713,713.0,351,177680.0,460.31088082901556,0.9423513631418998,45,38,3,0,72,36,0,0,0,0,72,12,0,1,72,0
714,714.0,351,178031.0,461.22020725388603,0.9405305450745178,45,38,3,0,72,36,0,0,0,0,72,12,0,1,72,0
715,715.0,351,178382.0,458.5655526992288,1.0347259564966345,45,38,3,0,72,36,0,0,0,0,72,12,0,1,72,0
716,716.0,354,178736.0,459.4755784061697,1.0227872589792681,46,38,3,0,72,36,0,2,0,0,72,12,0,1,72,0
717,717.0,356,179092.0,460.3907455012853,1.0143105732778734,46,38,3,0,72,36,0,3,0,0,72,12,0,2,72,0
718,718.0,357,179449.0,462.4974226804124,0.9661069825156816,46,38,3,0,72,36,0,4,0,0,72,12,0,2,72,0
719,719.0,357,179806.0,464.61498708010333,0.9088926683444024,46,38,3,0,72,36,0,4,0,0,72,12,0,2,72,0
720,720.0,356,180104.0,465.38501291989667,0.8880460122658492,47,38,1,0,72,36,0,4,0,0,72,12,0,2,72,0
721,721.0,356,180445.0,466.26614987080103,0.8559793269094635,47,38,0,0,72,36,0,4,0,0,72,12,0,3,72,0
722,722.0,356,180801.0,469.612987012987,0.7854448231256946,47,38,0,0,72,36,0,4,0,0,72,12,0,3,72,0
723,723.0,354,181136.0,471.7083333333333,0.777453312717372,47,38,0,0,72,36,0,4,0,0,72,12,0,1,72,0
724,724.0,353,181486.0,472.6197916666667,0.7974762595008903,47,38,0,0,72,36,0,4,0,0,72,12,0,0,72,0
725,725.0,354,181840.0,473.5416666666667,0.8182533237950746,47,38,0,0,72,36,0,5,0,0,72,12,0,0,72,0
726,726.0,355,182195.0,476.9502617801047,0.7589381863936334,48,38,0,0,72,36,0,5,0,0,72,12,0,0,72,0
727,727.0,355,182550.0,475.390625,0.8159920616275064,48,38,0,0,72,36,0,5,0,0,72,12,0,0,72,0
728,728.0,356,182906.0,477.5613577023499,0.7477932407322134,48,38,0,0,72,36,0,6,0,0,72,12,0,0,72,0
729,729.0,357,183263.0,478.4934725848564,0.6931372177527748,48,38,0,0,72,36,0,7,0,0,72,12,0,0,72,0
730,730.0,359,183622.0,479.4308093994778,0.6485516212146922,48,38,1,0,72,36,0,8,0,0,72,12,0,0,72,0
731,731.0,361,183983.0,480.3733681462141,0.6203796176609,48,38,2,0,72,36,0,9,0,0,72,12,0,0,72,0
732,732.0,361,184344.0,481.3159268929504,0.6023352991773722,48,38,2,0,72,36,0,9,0,0,72,12,0,0,72,0
733,733.0,362,184706.0,478.51295336787564,0.6800465729018236,49,38,2,0,72,36,0,9,0,0,72,12,0,0,72,0
734,734.0,364,185070.0,479.45595854922277,0.6600466228340032,49,38,4,0,72,36,0,9,0,0,72,12,0,0,72,0
735,735.0,366,185436.0,480.4041450777202,0.6413661392284,49,38,6,0,72,36,0,9,0,0,72,12,0,0,72,0
736,736.0,366,185802.0,481.3523316062176,0.6139302037221069,49,38,6,0,72,36,0,9,0,0,72,12,0,0,72,0
737,737.0,367,186169.0,482.3031088082902,0.6081458352947682,50,38,6,0,72,36,0,9,0,0,72,12,0,0,72,0
738,738.0,368,186537.0,483.2564766839378,0.6043394221580056,50,38,6,0,72,36,0,9,0,0,72,12,0,1,72,0
739,739.0,368,186905.0,480.4755784061697,0.7169936536299781,50,38,6,0,72,36,0,9,0,0,72,12,0,1,72,0
740,740.0,368,187273.0,481.4215938303342,0.6821636265511871,50,38,6,0,72,36,0,9,0,0,72,12,0,1,72,0
741,741.0,366,187618.0,482.3084832904884,0.6516984311207821,50,38,4,0,72,36,0,9,0,0,72,12,0,1,72,0
742,742.0,365,187967.0,483.2056555269923,0.6331324013420662,50,38,2,0,72,36,0,9,0,0,72,12,0,2,72,0
743,743.0,364,188315.0,484.1002570694087,0.6385220847737485,51,38,0,0,72,36,0,9,0,0,72,12,0,2,72,0
744,744.0,364,188679.0,486.2860824742268,0.6110120688101044,51,38,0,0,72,36,0,9,0,0,72,12,0,2,72,0
745,745.0,365,189044.0,484.7282051282051,0.6725287651095081,51,38,0,0,72,36,0,9,0,0,72,12,0,3,72,0
746,746.0,365,189409.0,486.9125964010283,0.6150636685875105,51,38,0,0,72,36,0,9,0,0,72,12,0,3,72,0
747,747.0,366,189775.0,489.11082474226805,0.5536570904550695,51,38,0,0,72,36,0,9,0,0,72,12,1,3,72,0
748,748.0,368,190143.0,490.05927835051546,0.5511332320396544,51,38,0,0,72,36,0,11,0,0,72,12,1,3,72,0
749,749.0,368,190511.0,491.00773195876286,0.5264446104084958,51,38,0,0,72,36,0,11,0,0,72,12,1,3,72,0
750,750.0,368,190879.0,491.9561855670103,0.49608993071069785,51,38,0,0,72,36,0,11,0,0,72,12,1,3,72,0
751,751.0,372,191251.0,489.13299232736574,0.5941639156147847,52,38,1,0,72,36,0,13,0,0,72,12,1,3,72,0
752,752.0,373,191624.0,490.0869565217391,0.5607198256176552,52,38,1,0,72,36,0,13,0,0,72,12,1,4,72,0
753,753.0,370,191962.0,490.9514066496164,0.5490523953053846,52,38,1,0,72,36,0,13,0,0,72,12,0,2,72,0
754,754.0,368,192319.0,491.86445012787726,0.5565199406226804,52,38,1,0,72,36,0,13,0,0,72,12,0,0,72,0
755,755.0,368,192687.0,492.8056265984655,0.5777508998548719,52,38,1,0,72,36,0,13,0,0,72,12,0,0,72,0
756,756.0,369,193056.0,493.7493606138107,0.5988020312675532,53,38,1,0,72,36,0,13,0,0,72,12,0,0,72,0
757,757.0,369,193425.0,490.9263959390863,0.7213147128343338,53,38,1,0,72,36,0,13,0,0,72,12,0,0,72,0
758,758.0,370,193795.0,491.8654822335025,0.7194880064042517,53,38,2,0,72,36,0,13,0,0,72,12,0,0,72,0
759,759.0,370,194165.0,492.8045685279188,0.7197462446380241,53,38,2,0,72,36,0,13,0,0,72,12,0,0,72,0
760,760.0,371,194536.0,493.74619289340103,0.7271328513494323,54,38,2,0,72,36,0,13,0,0,72,12,0,0,72,0
761,761.0,371,194907.0,494.68781725888323,0.7219234800681349,54,38,2,0,72,36,0,13,0,0,72,12,0,0,72,0
762,762.0,371,195278.0,495.6294416243655,0.7188750493882092,54,38,2,0,72,36,0,13,0,0,72,12,0,0,72,0
763,763.0,371,195649.0,492.8186397984887,0.8106473036901964,54,38,2,0,72,36,0,13,0,0,72,12,0,0,72,0
764,764.0,372,196021.0,493.75566750629724,0.7882804270904736,54,38,2,0,72,36,1,13,0,0,72,12,0,0,72,0
765,765.0,372,196393.0,495.94191919191917,0.7490140937884348,54,38,2,0,72,36,1,13,0,0,72,12,0,0,72,0
766,766.0,373,196766.0,496.8838383838384,0.7103992073354056,55,38,2,0,72,36,1,13,0,0,72,12,0,0,72,0
767,767.0,373,197139.0,497.82575757575756,0.6404441165038566,55,38,2,0,72,36,1,13,0,0,72,12,0,0,72,0
768,768.0,373,197512.0,500.0303797468354,0.5207908391373297,55,38,2,0,72,36,1,13,0,0,72,12,0,0,72,0
769,769.0,375,197887.0,498.45591939546597,0.5403295942507904,55,38,4,0,72,36,1,13,0,0,72,12,0,0,72,0
770,770.0,376,198263.0,500.6641414141414,0.47124384815566034,55,38,4,0,72,36,1,13,0,0,72,12,1,0,72,0
771,771.0,379,198641.0,501.6186868686869,0.4881376174953366,56,38,5,0,72,36,1,13,1,0,72,12,0,1,72,0
772,772.0,380,199021.0,503.8506329113924,0.4620610187711866,56,38,6,0,72,36,1,13,1,0,72,12,0,1,72,0
773,773.0,380,199401.0,504.8126582278481,0.4509831620228073,56,38,6,0,72,36,1,13,1,0,72,12,0,1,72,0
774,774.0,379,199777.0,505.7645569620253,0.4553343312819866,56,38,6,0,72,36,1,13,0,0,72,12,0,1,72,0
775,775.0,379,200156.0,502.90452261306535,0.5497128505440875,56,38,6,0,72,36,1,13,0,0,72,12,0,1,72,0
776,776.0,379,200535.0,503.856783919598,0.5194068570467651,56,38,6,0,72,36,1,13,0,0,72,12,0,1,72,0
777,777.0,379,200869.0,504.6959798994975,0.4934489810267278,57,38,4,0,72,36,1,13,0,0,72,12,0,2,72,0
778,778.0,377,201228.0,505.59798994974875,0.45810124743350994,57,38,2,0,72,36,1,13,0,0,72,12,0,2,72,0
779,779.0,375,201588.0,506.50251256281405,0.4437032370224064,57,38,0,0,72,36,1,13,0,0,72,12,0,2,72,0
780,780.0,377,201965.0,507.4497487437186,0.4363096461184479,57,38,0,0,72,36,1,15,0,0,72,12,0,2,72,0
781,781.0,377,202342.0,504.5935162094763,0.5642567269910209,57,38,0,0,72,36,1,15,0,0,72,12,0,2,72,0
782,782.0,380,202722.0,505.54114713216956,0.5670049899658373,58,38,0,0,72,36,1,16,0,0,72,12,0,3,72,0
783,783.0,381,203103.0,506.4912718204489,0.5783435025319426,58,38,0,0,72,36,1,17,0,0,72,12,0,3,72,0
784,784.0,383,203486.0,507.44638403990024,0.5685925260255207,58,38,0,0,72,36,1,19,0,0,72,12,0,3,72,0
785,785.0,383,203869.0,508.40149625935163,0.5425689090720757,58,38,0,0,72,36,1,19,0,0,72,12,0,3,72,0
786,786.0,381,204226.0,509.2917705735661,0.5159373389186425,58,38,0,0,72,36,1,19,0,0,72,12,0,1,72,0
787,787.0,381,204602.0,506.44059405940595,0.5871283742415596,58,38,1,0,72,36,1,19,0,0,72,12,0,0,72,0
788,788.0,381,204983.0,507.38366336633663,0.5802078259569745,58,38,1,0,72,36,1,19,0,0,72,12,0,0,72,0
789,789.0,380,205338.0,508.26237623762376,0.5967688550765003,58,38,1,0,72,36,0,19,0,0,72,12,0,0,72,0
790,790.0,382,205720.0,509.2079207920792,0.6224398888065551,59,38,2,0,72,36,0,19,0,0,72,12,0,0,72,0
791,791.0,382,206102.0,510.15346534653463,0.6364075675559142,59,38,2,0,72,36,0,19,0,0,72,12,0,0,72,0
792,792.0,382,206484.0,511.0990099009901,0.6532093261178945,59,38,2,0,72,36,0,19,0,0,72,12,0,0,72,0
793,793.0,382,206866.0,508.27027027027026,0.7531179334051217,59,38,2,0,72,36,0,19,0,0,72,12,0,0,72,0
794,794.0,382,207248.0,509.2088452088452,0.7544348787522775,59,38,2,0,72,36,0,19,0,0,72,12,0,0,72,0
795,795.0,383,207631.0,510.14987714987717,0.738893363058238,60,38,2,0,72,36,0,19,0,0,72,12,0,0,72,0
796,796.0,383,208014.0,511.09090909090907,0.7116453669972501,60,38,2,0,72,36,0,19,0,0,72,12,0,0,72,0
797,797.0,383,208397.0,512.0319410319411,0.6634335655306418,60,38,2,0,72,36,0,19,0,0,72,12,0,0,72,0
798,798.0,381,208759.0,512.9213759213759,0.6401201149944833,60,38,0,0,72,36,0,19,0,0,72,12,0,0,72,0
799,799.0,381,209140.0,510.0975609756098,0.7275733857334469,60,38,0,0,72,36,0,19,0,0,72,12,0,0,72,0
800,800.0,382,209522.0,511.0292682926829,0.7197255127034041,61,38,0,0,72,36,0,19,0,0,72,12,0,0,72,0
801,801.0,382,209904.0,513.2127139364303,0.6995210225342238,61,38,0,0,72,36,0,19,0,0,72,12,0,0,72,0
802,802.0,383,210287.0,514.1491442542788,0.7169296747629278,61,38,0,0,72,36,0,19,0,0,72,12,0,1,72,0
803,803.0,384,210671.0,515.0880195599022,0.7184999793048297,61,38,0,0,72,36,0,19,0,0,72,12,0,2,72,0
804,804.0,384,211055.0,516.0268948655257,0.7275578555366821,61,38,0,0,72,36,0,19,0,0,72,12,0,2,72,0
805,805.0,384,211439.0,514.4501216545012,0.7889436396858135,61,38,0,0,72,36,0,19,0,0,72,12,0,2,72,0
806,806.0,384,211823.0,515.3844282238443,0.7443124274669514,61,38,0,0,72,36,0,19,0,0,72,12,0,2,72,0
807,807.0,385,212208.0,517.5804878048781,0.6832986941353187,62,38,0,0,72,36,0,19,0,0,72,12,0,2,72,0
808,808.0,386,212594.0,519.7897310513447,0.6230811189273786,62,38,0,0,72,36,0,20,0,0,72,12,0,2,72,0
809,809.0,386,212980.0,522.0098039215686,0.5826664142426201,62,38,0,0,72,36,0,20,0,0,72,12,0,2,72,0
810,810.0,385,213350.0,525.4926108374384,0.5061559734484152,62,38,0,0,72,36,0,21,0,0,72,12,0,0,72,0
811,811.0,387,213737.0,522.5843520782396,0.5856518613597147,62,38,0,0,72,36,0,23,0,0,72,12,0,0,72,0
812,812.0,388,214125.0,523.5330073349634,0.5804257227210734,63,38,0,0,72,36,0,23,0,0,72,12,0,0,72,0
813,813.0,389,214514.0,524.4841075794621,0.5743225775670808,63,38,0,0,72,36,0,24,0,0,72,12,0,0,72,0
814,814.0,389,214903.0,525.4352078239609,0.5628780798786952,63,38,0,0,72,36,0,24,0,0,72,12,0,0,72,0
815,815.0,389,215292.0,526.3863080684597,0.5409515776508391,63,38,0,0,72,36,0,24,0,0,72,12,0,0,72,0
816,816.0,390,215682.0,527.3398533007335,0.5285289401848025,63,38,1,0,72,36,0,24,0,0,72,12,0,0,72,0
817,817.0,390,216072.0,524.4466019417475,0.6223647477684324,63,38,1,0,72,36,0,24,0,0,72,12,0,0,72,0
818,818.0,392,216464.0,525.3980582524272,0.6165964509655476,64,38,2,0,72,36,0,24,0,0,72,12,0,0,72,0
819,819.0,390,216850.0,526.3349514563107,0.6120440270234364,64,38,0,0,72,36,0,24,0,0,72,12,0,0,72,0
820,820.0,390,217240.0,527.2815533980582,0.6051385242156608,64,38,0,0,72,36,0,24,0,0,72,12,0,0,72,0
821,821.0,390,217630.0,528.2281553398059,0.5913603613327189,64,38,0,0,72,36,0,24,0,0,72,12,0,0,72,0
822,822.0,391,218021.0,529.1771844660194,0.6009280877328544,65,38,0,0,72,36,0,24,0,0,72,12,0,0,72,0
823,823.0,391,218412.0,527.5652173913044,0.6764428778198532,65,38,0,0,72,36,0,24,0,0,72,12,0,0,72,0
824,824.0,392,218804.0,529.7917675544794,0.6487732446865083,65,38,0,0,72,36,0,24,0,0,72,12,0,1,72,0
825,825.0,392,219196.0,532.0291262135922,0.608367116802733,65,38,0,0,72,36,0,24,0,0,72,12,0,1,72,0
826,826.0,392,219588.0,534.2773722627737,0.5314377590901176,65,38,0,0,72,36,0,24,0,0,72,12,0,1,72,0
827,827.0,392,219980.0,535.2311435523114,0.49921727558868567,65,38,0,0,72,36,0,24,0,0,72,12,0,1,72,0
828,828.0,393,220373.0,537.4951219512195,0.4434411908942062,65,38,0,0,72,36,0,24,0,0,72,12,0,2,72,0
829,829.0,393,220766.0,534.542372881356,0.523582333346626,65,38,0,0,72,36,0,24,0,0,72,12,0,2,72,0
830,830.0,396,221162.0,535.501210653753,0.5011575740596234,66,38,1,0,72,36,0,25,0,0,72,12,0,2,72,0
831,831.0,395,221547.0,536.4334140435835,0.47939782417921034,66,38,1,0,72,36,0,26,0,0,72,12,0,0,72,0
832,832.0,395,221942.0,537.3898305084746,0.4335531851482345,66,38,1,0,72,36,0,26,0,0,72,12,0,0,72,0
833,833.0,395,222337.0,538.3462469733656,0.3903140025018851,66,38,1,0,72,36,0,26,0,0,72,12,0,0,72,0
834,834.0,395,222732.0,539.3026634382567,0.3603354308808212,66,38,1,0,72,36,0,26,0,0,72,12,0,0,72,0
835,835.0,397,223129.0,536.3677884615385,0.42861274157859736,67,38,1,0,72,36,1,26,0,0,72,12,0,0,72,0
836,836.0,400,223529.0,537.3293269230769,0.4330231989191996,67,38,2,0,72,36,2,27,0,0,72,12,0,0,72,0
837,837.0,401,223930.0,538.2932692307693,0.4355821633644033,67,38,2,0,72,36,3,27,0,0,72,12,0,0,72,0
838,838.0,402,224332.0,539.2596153846154,0.4240837277207242,67,38,2,0,72,36,3,28,0,0,72,12,0,0,72,0
839,839.0,402,224734.0,540.2259615384615,0.41898080378847047,67,38,2,0,72,36,3,28,0,0,72,12,0,0,72,0
840,840.0,400,224027.0,538.5264423076923,0.42454161351158304,67,36,2,0,72,36,3,28,0,0,72,12,0,0,72,0
841,841.0,399,223322.0,532.9880668257756,0.5282506671868064,68,34,2,0,72,36,3,28,0,0,72,12,0,0,72,0
842,842.0,397,222615.0,531.3007159904535,0.5142249200497998,68,32,2,0,72,36,3,28,0,0,72,12,0,0,72,0
843,843.0,395,221907.0,529.6109785202864,0.5062397117651095,68,30,2,0,72,36,3,28,0,0,72,12,0,0,72,0
844,844.0,393,221198.0,527.9188544152745,0.48854622745085097,68,28,2,0,72,36,3,28,0,0,72,12,0,0,72,0
845,845.0,391,220489.0,526.2267303102625,0.4973119262975047,68,26,2,0,72,36,3,28,0,0,72,12,0,0,72,0
846,846.0,392,219782.0,524.5393794749403,0.5262385970350093,68,24,3,1,72,36,3,28,0,0,72,12,0,1,72,0
847,847.0,390,219075.0,519.1350710900474,0.6317945035138042,68,22,3,1,72,36,3,28,0,0,72,12,0,1,72,0
848,848.0,390,218368.0,517.4597156398104,0.6077149584950942,69,20,4,1,72,36,3,28,0,0,72,12,0,1,72,0
849,849.0,389,217661.0,515.7843601895735,0.5712052044587137,69,18,4,2,72,36,3,28,0,0,72,12,0,1,72,0
850,850.0,390,217502.0,515.4075829383886,0.5222251185452172,69,19,4,2,72,36,3,28,0,0,72,12,0,1,72,0
851,851.0,390,217343.0,515.0308056872038,0.4695030746983583,69,18,5,2,72,36,3,28,0,0,72,12,0,1,72,0
852,852.0,394,216639.0,513.3625592417062,0.42197050468447,70,18,5,4,72,36,3,28,0,0,72,13,0,1,72,0
853,853.0,393,215936.0,508.0847058823529,0.4687590150594035,70,17,5,4,72,36,3,28,0,0,72,13,0,1,72,0
854,854.0,394,215233.0,506.4305882352941,0.4390812834682348,70,17,5,4,72,36,3,28,0,0,72,14,0,1,72,0
855,855.0,394,214532.0,504.7811764705882,0.4072119139984478,70,16,5,4,72,36,3,28,0,0,72,15,0,1,72,0
856,856.0,394,214380.0,504.4235294117647,0.38239367949354935,70,15,5,4,72,36,3,28,0,0,72,16,0,1,72,0
857,857.0,396,213684.0,502.7858823529412,0.3667911073094545,71,15,5,4,72,36,3,28,0,0,72,17,0,1,72,0
858,858.0,396,212989.0,501.1505882352941,0.34335805171139905,71,14,5,4,72,36,3,28,0,0,72,17,0,2,72,0
859,859.0,399,213387.0,497.4055944055944,0.3977669850504551,71,16,5,4,72,36,3,28,0,0,72,18,0,2,72,0
860,860.0,399,212692.0,494.63255813953486,0.37537520563065396,71,15,5,4,72,36,3,28,0,0,72,18,0,3,72,0
861,861.0,397,212514.0,494.21860465116276,0.3666052740945596,71,15,5,2,72,36,3,28,0,0,72,18,0,3,72,0
862,862.0,398,212891.0,495.0953488372093,0.35160435754116226,71,16,6,0,72,36,3,28,0,0,72,18,1,3,72,0
863,863.0,398,213289.0,496.02093023255816,0.34659193625944335,71,16,6,0,72,36,3,28,0,0,72,18,1,3,72,0
864,864.0,395,213324.0,496.10232558139535,0.36180926282815207,71,18,4,0,72,36,3,26,0,0,72,18,0,3,72,0
865,865.0,396,213389.0,490.5494252873563,0.48925150110917237,72,20,3,0,72,36,3,24,0,0,72,18,0,4,72,0
866,866.0,393,213484.0,490.76781609195405,0.51738317626977,72,21,1,0,72,36,3,22,0,0,72,18,0,4,72,0
867,867.0,388,213564.0,490.951724137931,0.5422412935397701,72,21,0,0,72,36,3,20,0,0,72,18,0,2,72,0
868,868.0,386,213682.0,490.0963302752294,0.582598897016876,72,23,0,0,72,36,3,18,0,0,72,18,0,0,72,0
869,869.0,387,213830.0,489.3135011441648,0.649333231360385,73,25,0,0,72,36,3,16,0,0,72,18,0,0,72,0
870,870.0,387,214007.0,489.71853546910756,0.7212005881739251,73,26,0,0,72,36,3,15,0,0,72,18,0,0,72,0
871,871.0,389,214216.0,486.8545454545455,0.849037458711725,73,29,0,0,72,36,3,14,0,0,72,18,0,0,72,0
872,872.0,388,214427.0,487.3340909090909,0.8750835518882046,73,30,0,0,72,36,3,12,0,0,72,18,0,0,72,0
873,873.0,387,214587.0,487.69772727272726,0.8760524487095239,73,31,0,0,72,36,1,12,0,0,72,18,0,0,72,0
874,874.0,386,214873.0,488.3477272727273,0.9026766955224874,73,32,0,0,72,36,0,11,0,0,72,18,0,0,72,0
875,875.0,388,215132.0,488.93636363636364,0.8991356658337901,73,33,1,0,72,36,0,11,0,0,72,18,0,0,72,0
876,876.0,390,215411.0,489.57045454545454,0.914273202133966,74,35,1,0,72,36,0,10,0,0,72,18,0,0,72,0
877,877.0,390,215755.0,489.2403628117914,0.949106857708078,74,36,1,0,72,36,0,9,0,0,72,18,0,0,72,0
878,878.0,392,216065.0,489.9433106575964,0.939300788071313,74,37,1,0,72,36,0,10,0,0,72,18,0,0,72,0
879,879.0,393,216440.0,491.90909090909093,0.8799352357634633,74,38,1,0,72,36,0,10,0,0,72,18,0,0,72,0
880,880.0,393,216818.0,493.89066059225513,0.8415404788731539,74,38,2,0,72,36,0,9,0,0,72,18,0,0,72,0
881,881.0,395,217213.0,494.7904328018223,0.7969117981039192,74,38,2,0,72,36,0,10,0,0,72,18,0,1,72,0
882,882.0,397,217610.0,496.82648401826486,0.7099550204502721,74,38,2,0,72,36,0,12,0,0,72,18,0,1,72,0
883,883.0,398,218008.0,496.60136674259684,0.683634136054535,74,38,2,1,72,36,0,12,0,0,72,18,0,1,72,0
884,884.0,402,218410.0,497.51708428246013,0.6380283626762204,74,38,3,1,72,36,1,14,0,0,72,18,0,1,72,0
885,885.0,403,218813.0,500.7162471395881,0.5348123573520653,74,38,3,2,72,36,1,14,0,0,72,18,0,1,72,0
886,886.0,409,219222.0,501.6521739130435,0.4894903273215358,74,38,4,3,72,36,3,16,0,0,72,18,0,1,72,0
887,887.0,411,219633.0,503.7454128440367,0.42997401284619036,74,38,4,4,72,36,3,17,0,0,72,18,0,1,72,0
888,888.0,414,220039.0,504.67660550458714,0.4108098726374946,74,38,5,3,72,36,3,20,0,0,72,18,0,1,72,0
889,889.0,413,220447.0,503.30365296803654,0.46443175651491003,74,38,5,1,72,36,3,21,0,0,72,18,0,1,72,0
890,890.0,414,220859.0,505.39816933638446,0.43161716196383143,74,38,5,0,72,36,3,22,0,0,72,18,0,2,72,0
891,891.0,414,221273.0,507.50688073394497,0.3992950409358885,74,38,5,0,72,36,3,22,0,0,72,18,0,2,72,0
892,892.0,416,221689.0,509.62988505747126,0.3770177010346781,74,38,6,0,72,36,3,23,0,0,72,18,0,2,72,0
893,893.0,417,222106.0,511.7649769585253,0.35979216352778215,74,38,6,0,72,36,3,24,0,0,72,18,0,2,72,0
894,894.0,419,222525.0,512.7304147465438,0.3466223138124668,74,38,6,0,72,36,3,25,0,0,72,18,0,3,72,0
895,895.0,421,222946.0,511.3440366972477,0.3804231973197851,74,38,6,0,72,36,3,26,0,0,72,18,0,4,72,0
896,896.0,421,223367.0,512.309633027523,0.3297043725307135,74,38,6,0,72,36,3,26,0,0,72,18,0,4,72,0
897,897.0,419,223763.0,513.2178899082569,0.29494417057544986,74,38,6,0,72,36,3,26,0,0,72,18,0,2,72,0
898,898.0,419,224175.0,514.1628440366973,0.28608898194945775,74,38,6,0,72,36,3,27,0,0,72,18,0,1,72,0
899,899.0,420,224594.0,515.1238532110092,0.28441262423675456,74,38,7,0,72,36,3,28,0,0,72,18,0,0,72,0
900,900.0,422,225016.0,516.0917431192661,0.29520011748072367,74,38,7,0,72,36,3,30,0,0,72,18,0,0,72,0
901,901.0,422,225438.0,514.6986301369863,0.3649905981413237,74,38,7,0,72,36,3,30,0,0,72,18,0,0,72,0
902,902.0,423,225861.0,515.6643835616438,0.367224811535999,74,38,7,0,72,36,3,31,0,0,72,18,0,0,72,0
903,903.0,424,226285.0,516.6324200913242,0.3743629896869052,74,38,7,0,72,36,3,31,1,0,72,18,0,0,72,0
904,904.0,424,226709.0,517.6004566210046,0.36570505546264964,74,38,7,0,72,36,3,31,1,0,72,18,0,0,72,0
905,905.0,424,227133.0,518.568493150685,0.3610623474669158,74,38,7,0,72,36,3,31,1,0,72,18,0,0,72,0
906,906.0,424,227554.0,519.5296803652968,0.3690063981109823,74,38,8,0,72,36,3,31,0,0,72,18,0,0,72,0
907,907.0,424,227978.0,518.1318181818182,0.44538392517766334,74,38,8,0,72,36,3,31,0,0,72,18,0,0,72,0
908,908.0,424,228402.0,519.0954545454546,0.44840580861339213,74,38,8,0,72,36,3,31,0,0,72,18,0,0,72,0
909,909.0,424,228826.0,520.0590909090909,0.4528624986271261,74,38,8,0,72,36,3,31,0,0,72,18,0,0,72,0
910,910.0,424,229250.0,521.0227272727273,0.43586180042735706,74,38,8,0,72,36,3,31,0,0,72,18,0,0,72,0
911,911.0,424,229674.0,521.9863636363636,0.40947568613313623,74,38,8,0,72,36,3,31,0,0,72,18,0,0,72,0
912,912.0,424,230098.0,522.95,0.3768534774716567,74,38,8,0,72,36,3,31,0,0,72,18,0,0,72,0
913,913.0,426,230524.0,521.5475113122172,0.4083500879939926,74,38,9,1,72,36,3,31,0,0,72,18,0,0,72,0
914,914.0,427,230951.0,522.5135746606335,0.3679508600067049,74,38,9,2,72,36,3,31,0,0,72,18,0,0,72,0
915,915.0,428,231379.0,523.4819004524887,0.3343132878786124,74,38,9,3,72,36,3,31,0,0,72,18,0,0,72,0
916,916.0,428,231807.0,524.4502262443439,0.30397462814196585,74,38,9,3,72,36,3,31,0,0,72,18,0,0,72,0
917,917.0,429,232236.0,525.420814479638,0.2761086572207003,74,38,9,4,72,36,3,31,0,0,72,18,0,0,72,0
918,918.0,431,232667.0,526.39592760181,0.25418887770863263,74,38,9,5,72,36,3,31,0,0,72,18,0,1,72,0
919,919.0,432,233098.0,524.9954954954954,0.307377992569766,74,38,10,5,72,36,3,31,0,0,72,18,0,1,72,0
920,920.0,433,233531.0,525.9707207207207,0.2845314695394044,74,38,10,5,72,36,3,31,0,0,72,18,0,2,72,0
921,921.0,433,233964.0,526.9459459459459,0.2547539051688038,74,38,10,5,72,36,3,31,0,0,72,18,0,2,72,0
922,922.0,434,234398.0,527.9234234234234,0.24137854211942267,74,38,10,5,72,36,3,31,0,0,72,18,1,2,72,0
923,923.0,434,234832.0,528.9009009009009,0.21977849508886352,74,38,10,5,72,36,3,31,0,0,72,18,1,2,72,0
924,924.0,436,235268.0,529.8828828828829,0.20312567395534334,74,38,10,6,72,36,3,31,0,0,72,18,1,3,72,0
925,925.0,436,235704.0,528.4843049327354,0.25039271054401324,74,38,10,6,72,36,3,31,0,0,72,18,1,3,72,0
926,926.0,438,236142.0,529.4663677130045,0.23910959661748377,74,38,11,6,72,36,3,31,0,0,72,18,2,3,72,0
927,927.0,438,236580.0,530.4484304932736,0.22953842333353625,74,38,11,6,72,36,3,31,0,0,72,18,2,3,72,0
928,928.0,438,237018.0,531.4304932735427,0.22184068897277426,74,38,11,6,72,36,3,31,0,0,72,18,2,3,72,0
929,929.0,438,237456.0,532.4125560538116,0.21192031213598433,74,38,11,6,72,36,3,31,0,0,72,18,2,3,72,0
930,930.0,436,237880.0,533.3632286995515,0.20903025362878275,74,38,11,6,72,36,3,31,0,0,72,18,0,3,72,0
931,931.0,436,238316.0,531.9553571428571,0.2746738841431836,74,38,11,6,72,36,3,31,0,0,72,18,0,3,72,0
932,932.0,436,238752.0,532.9285714285714,0.2734914192256074,74,38,11,6,72,36,3,31,0,0,72,18,0,3,72,0
933,933.0,435,239076.0,533.6517857142857,0.2925747712409395,74,38,9,6,72,36,3,31,0,0,72,18,0,4,72,0
934,934.0,433,239411.0,534.3995535714286,0.31688261383605326,74,38,7,6,72,36,3,31,0,0,72,18,0,4,72,0
935,935.0,431,239752.0,535.1607142857143,0.34079171368815453,74,38,5,6,72,36,3,31,0,0,72,18,0,4,72,0
936,936.0,429,240114.0,535.96875,0.3793213841738431,74,38,3,6,72,36,3,31,0,0,72,18,0,4,72,0
937,937.0,427,240499.0,534.4422222222222,0.4670026389749724,74,38,1,6,72,36,3,31,0,0,72,18,0,4,72,0
938,938.0,426,240913.0,535.3622222222223,0.5011855333507897,74,38,0,6,72,36,3,31,0,0,72,18,0,4,72,0
939,939.0,426,241339.0,536.3088888888889,0.52711157554502,74,38,0,6,72,36,3,31,0,0,72,18,0,4,72,0
940,940.0,427,241766.0,537.2577777777777,0.5390074934692654,74,38,0,6,72,36,3,31,0,0,72,18,0,5,72,0
941,941.0,427,242193.0,538.2066666666667,0.5018271229593287,74,38,0,6,72,36,3,31,0,0,72,18,0,5,72,0
942,942.0,426,242505.0,538.9,0.4713196877287221,74,38,0,6,72,36,1,31,0,0,72,18,0,6,72,0
943,943.0,427,242875.0,537.3340707964602,0.5227557892191774,74,38,2,6,72,36,0,31,0,0,72,18,0,6,72,0
944,944.0,427,243302.0,538.2787610619469,0.502678749821945,74,38,2,6,72,36,0,31,0,0,72,18,0,6,72,0
945,945.0,426,243588.0,538.9115044247787,0.4748455940710335,74,38,3,6,72,36,0,29,0,0,72,18,0,6,72,0
946,946.0,426,243876.0,539.5486725663717,0.4704167468781647,74,38,4,6,72,36,0,27,0,0,72,18,1,6,72,0
947,947.0,426,244165.0,540.1880530973451,0.4791110488232285,74,38,6,6,72,36,0,25,0,0,72,18,1,6,72,0
948,948.0,424,244450.0,540.8185840707964,0.5038382880549956,74,38,7,6,72,36,0,23,0,0,72,18,0,6,72,0
949,949.0,425,244738.0,539.0704845814978,0.586752150645888,74,38,9,6,72,36,0,21,0,0,72,18,0,7,72,0
950,950.0,423,245025.0,539.7026431718061,0.6021161470934675,74,38,9,6,72,36,0,19,0,0,72,18,0,7,72,0
951,951.0,421,245312.0,540.3348017621146,0.6174648908961071,74,38,9,6,72,36,0,17,0,0,72,18,0,7,72,0
952,952.0,420,245600.0,540.9691629955947,0.6379241813508628,74,38,9,6,72,36,1,15,0,0,72,18,0,7,72,0
953,953.0,419,245888.0,541.6035242290749,0.6537195455895348,74,38,9,6,72,36,2,13,0,0,72,18,0,7,72,0
954,954.0,419,246175.0,542.2356828193832,0.6376500591692567,74,38,9,6,72,36,3,12,0,0,72,18,0,7,72,0
955,955.0,421,246531.0,541.8263736263737,0.6570918883151937,74,38,9,6,72,36,4,12,0,0,72,18,0,8,72,0
956,956.0,422,246886.0,542.6065934065934,0.6420736916447515,74,38,9,6,72,36,4,13,0,0,72,18,0,8,72,0
957,957.0,419,247148.0,544.3788546255506,0.6227818490798207,74,38,7,6,72,36,4,12,0,0,72,18,0,8,72,0
958,958.0,416,247412.0,544.9603524229075,0.6123710518380006,74,38,5,6,72,36,4,10,0,0,72,18,0,9,72,0
959,959.0,413,247680.0,547.9646017699115,0.5646003630370916,74,38,3,6,72,36,4,9,0,0,72,18,0,9,72,0
960,960.0,410,247915.0,549.7006651884701,0.5545643870157805,74,38,1,4,72,36,4,10,0,0,72,18,0,9,72,0
961,961.0,407,248160.0,551.4666666666667,0.5564200289776869,74,38,0,2,72,36,4,10,0,0,72,18,0,9,72,0
962,962.0,405,248422.0,552.0488888888889,0.6013533863253263,74,38,0,0,72,36,4,10,0,0,72,18,0,9,72,0
963,963.0,404,248738.0,553.9821826280623,0.6309453887948385,74,38,0,0,72,36,4,10,0,0,72,18,0,8,72,0
964,964.0,404,249071.0,557.2058165548099,0.6425239388764407,74,38,0,0,72,36,4,12,0,0,72,18,0,6,72,0
965,965.0,403,249426.0,558.0,0.6626988065536094,74,38,0,0,72,36,4,13,0,0,72,18,0,4,72,0
966,966.0,401,249772.0,558.7740492170022,0.6745830206617309,74,38,0,0,72,36,2,15,0,0,72,18,0,2,72,0
967,967.0,398,250132.0,557.086859688196,0.7284093827898273,74,38,0,0,72,36,0,16,0,0,72,18,0,0,72,0
968,968.0,400,250532.0,557.977728285078,0.7354872274725542,74,38,1,0,72,36,0,17,0,0,72,18,0,0,72,0
969,969.0,402,250934.0,558.8730512249443,0.7326199623472625,74,38,2,0,72,36,0,18,0,0,72,18,0,0,72,0
970,970.0,406,251340.0,559.7772828507796,0.7428941473461513,74,38,4,0,72,36,0,20,0,0,72,18,0,0,72,0
971,971.0,408,251748.0,560.6859688195991,0.7320898916417131,74,38,5,0,72,36,0,21,0,0,72,18,0,0,72,0
972,972.0,411,252159.0,561.6013363028953,0.6852319798797813,74,38,6,0,72,36,0,22,0,0,72,18,0,1,72,0
973,973.0,414,252573.0,560.0288248337029,0.7273685070621561,74,38,6,0,72,36,0,24,0,0,72,18,0,2,72,0
974,974.0,415,252988.0,560.949002217295,0.715433300632911,74,38,6,0,72,36,0,25,0,0,72,18,0,2,72,0
975,975.0,419,253407.0,561.8780487804878,0.7094713486826371,74,38,8,0,72,36,0,26,0,0,72,18,0,3,72,0
976,976.0,422,253829.0,562.8137472283814,0.6978261587076263,74,38,8,0,72,36,0,28,0,0,72,18,0,4,72,0
977,977.0,424,254253.0,563.7538802660754,0.6660501845753316,74,38,8,0,72,36,0,29,0,0,72,18,0,5,72,0
978,978.0,423,254657.0,564.649667405765,0.6245892376537354,74,38,6,0,72,36,0,30,0,0,72,18,0,5,72,0
979,979.0,423,255062.0,563.0507726269316,0.6439184666190353,74,38,4,1,72,36,0,31,0,0,72,18,0,5,72,0
980,980.0,421,255466.0,565.1902654867257,0.6005824788893641,74,38,2,1,72,36,0,31,0,0,72,18,0,5,72,0
981,981.0,420,255874.0,567.3481152993348,0.5676873894082505,74,38,0,2,72,36,0,31,0,0,72,18,0,5,72,0
982,982.0,421,256295.0,569.5444444444445,0.5552293469287375,74,38,0,3,72,36,0,31,0,0,72,18,0,5,72,0
983,983.0,422,256717.0,570.4822222222223,0.5618550722567746,74,38,0,4,72,36,0,31,0,0,72,18,0,5,72,0
984,984.0,425,257142.0,573.9776785714286,0.5315684133817575,74,38,0,5,72,36,0,31,0,0,72,18,0,7,72,0
985,985.0,426,257568.0,573.6481069042317,0.5608793240616674,74,38,0,6,72,36,0,31,0,0,72,18,0,7,72,0
986,986.0,427,257995.0,575.8816964285714,0.5106693408759903,74,38,0,6,72,36,0,31,0,0,72,18,1,7,72,0
987,987.0,427,258422.0,578.1252796420582,0.47698376846641627,74,38,0,6,72,36,0,31,0,0,72,18,1,7,72,0
988,988.0,430,258852.0,580.3856502242153,0.42878423961779216,74,38,2,6,72,36,0,31,0,0,72,18,1,8,72,0
989,989.0,430,259282.0,582.6561797752809,0.3960116694532515,74,38,2,6,72,36,0,31,0,0,72,18,1,8,72,0
990,990.0,430,259712.0,583.6224719101124,0.38704470287992143,74,38,2,6,72,36,0,31,0,0,72,18,1,8,72,0
991,991.0,432,260144.0,581.9776286353467,0.44004656587420365,74,38,3,6,72,36,0,31,0,0,72,18,2,8,72,0
992,992.0,432,260576.0,582.9440715883669,0.4101179460413403,74,38,3,6,72,36,0,31,0,0,72,18,2,8,72,0
993,993.0,432,261008.0,583.910514541387,0.39767968052551844,74,38,3,6,72,36,0,31,0,0,72,18,2,8,72,0
994,994.0,432,261440.0,584.8769574944072,0.37541367376012447,74,38,3,6,72,36,0,31,0,0,72,18,2,8,72,0
995,995.0,432,261872.0,585.8434004474273,0.3493740076789655,74,38,3,6,72,36,0,31,0,0,72,18,2,8,72,0
996,996.0,429,262203.0,586.5838926174497,0.3668700921072955,74,38,3,6,72,36,0,29,0,0,72,18,0,9,72,0
997,997.0,428,262549.0,584.7416481069042,0.4452042955745691,74,38,4,6,72,36,0,27,0,0,72,18,0,9,72,0
998,998.0,426,262895.0,585.5122494432071,0.4828037741125867,74,38,4,6,72,36,0,25,0,0,72,18,0,9,72,0
999,999.0,424,263241.0,586.28285077951,0.5230947521055473,74,38,4,6,72,36,0,23,0,0,72,18,0,9,72,0
1000,1000.0,422,263586.0,587.0512249443207,0.5600045009283497,74,38,4,6,72,36,0,21,0,0,72,18,0,9,72,0
1001,1001.0,420,263932.0,587.8218262806236,0.6143482445103833,74,38,4,6,72,36,0,19,0,0,72,18,0,9,72,0
1002,1002.0,418,264277.0,589.9040178571429,0.6457550176095816,74,38,4,6,72,36,0,17,0,0,72,18,0,9,72,0
1003,1003.0,417,264658.0,589.4387527839643,0.7172652890011865,74,38,4,6,72,36,0,16,0,0,72,18,0,9,72,0
1004,1004.0,415,265000.0,591.5178571428571,0.703605188860182,74,38,4,6,72,36,0,14,0,0,72,18,0,9,72,0
1005,1005.0,409,265253.0,592.0825892857143,0.7193978411605845,74,38,2,4,72,36,0,12,0,0,72,18,0,9,72,0
1006,1006.0,404,265517.0,593.9977628635347,0.7063622088138033,74,38,0,2,72,36,0,11,0,0,72,18,0,9,72,0
1007,1007.0,401,265804.0,595.9730941704036,0.6852855970034832,74,38,0,0,72,36,0,10,0,0,72,18,0,9,72,0
1008,1008.0,400,266097.0,597.9707865168539,0.6855934976321363,74,38,0,0,72,36,0,10,0,0,72,18,0,8,72,0
1009,1009.0,398,266394.0,595.9597315436241,0.7654685420379281,74,38,0,0,72,36,0,10,0,0,72,18,0,6,72,0
1010,1010.0,395,266659.0,597.890134529148,0.7441149842174267,74,38,0,0,72,36,0,8,0,0,72,18,0,5,72,0
1011,1011.0,393,266933.0,599.8494382022471,0.7348256531371411,74,38,0,0,72,36,0,8,0,0,72,18,0,3,72,0
1012,1012.0,392,267238.0,600.5348314606741,0.7641502816157576,74,38,0,1,72,36,0,8,0,0,72,18,0,1,72,0
1013,1013.0,391,267626.0,602.7612612612612,0.7594191731177521,74,38,0,1,72,36,0,8,0,0,72,18,0,0,72,0
1014,1014.0,392,268018.0,606.3755656108598,0.7407479036815053,74,38,0,1,72,36,0,9,0,0,72,18,0,0,72,0
1015,1015.0,394,268412.0,605.8961625282167,0.7699563300370716,74,38,0,1,72,36,0,11,0,0,72,18,0,0,72,0
1016,1016.0,397,268809.0,606.7923250564334,0.7582199971926676,74,38,1,1,72,36,0,13,0,0,72,18,0,0,72,0
1017,1017.0,398,269207.0,607.6907449209932,0.7384387957871037,74,38,2,1,72,36,0,13,0,0,72,18,0,0,72,0
1018,1018.0,400,269607.0,608.5936794582393,0.702778045842233,74,38,2,1,72,36,0,14,0,0,72,18,0,1,72,0
1019,1019.0,404,270011.0,609.5056433408578,0.6536876644749049,74,38,2,1,72,36,0,17,0,0,72,18,0,2,72,0
1020,1020.0,405,270416.0,610.4198645598194,0.5842261683377583,74,38,2,1,72,36,0,18,0,0,72,18,0,2,72,0
1021,1021.0,408,270824.0,608.5932584269663,0.567089128223773,74,38,2,1,72,36,0,19,0,0,72,18,0,4,72,0
1022,1022.0,412,271236.0,609.5191011235955,0.47428840494539787,74,38,3,1,72,36,2,20,0,0,72,18,0,4,72,0
1023,1023.0,414,271648.0,610.4449438202247,0.4021289202907914,74,38,3,1,72,36,0,22,0,0,72,18,0,6,72,0
1024,1024.0,414,272062.0,611.3752808988764,0.3584286634303586,74,38,3,1,72,36,0,22,0,0,72,18,0,6,72,0
1025,1025.0,418,272480.0,612.314606741573,0.3446698683169008,74,38,3,2,72,36,0,24,0,0,72,18,0,7,72,0
1026,1026.0,421,272901.0,613.2606741573034,0.33543564949895055,74,38,3,4,72,36,0,25,0,0,72,18,0,7,72,0
1027,1027.0,424,273325.0,611.4653243847874,0.3894605376243835,74,38,3,4,72,36,0,27,0,0,72,18,0,8,72,0
1028,1028.0,427,273752.0,612.420581655481,0.399537290053446,74,38,3,6,72,36,0,28,0,0,72,18,0,8,72,0
1029,1029.0,429,274181.0,613.3803131991051,0.40476556715303996,74,38,4,6,72,36,0,29,0,0,72,18,0,8,72,0
1030,1030.0,431,274612.0,614.34451901566,0.3962563469030057,74,38,4,7,72,36,0,30,0,0,72,18,0,8,72,0
1031,1031.0,432,275044.0,615.3109619686801,0.38166998706768884,74,38,4,7,72,36,0,30,1,0,72,18,0,8,72,0
1032,1032.0,432,275476.0,616.2774049217002,0.37388838939802566,74,38,4,7,72,36,0,30,1,0,72,18,0,8,72,0
1033,1033.0,433,275909.0,614.4966592427617,0.4254953819516362,74,38,4,7,72,36,0,30,1,0,72,18,0,9,72,0
1034,1034.0,433,276342.0,615.4610244988864,0.39817403924699785,74,38,4,7,72,36,0,30,1,0,72,18,0,9,72,0
1035,1035.0,432,276737.0,616.3407572383073,0.39286546814181444,74,38,3,7,72,36,0,30,1,0,72,18,0,9,72,0
1036,1036.0,430,277146.0,617.2516703786191,0.37639144448226736,74,38,1,7,72,36,0,30,1,0,72,18,0,9,72,0
1037,1037.0,430,277574.0,619.5848214285714,0.3450062291425614,74,38,0,7,72,36,0,30,2,0,72,18,0,9,72,0
1038,1038.0,426,277954.0,621.8210290827741,0.3297864421637638,74,38,0,5,72,36,0,30,0,0,72,18,0,9,72,0
1039,1039.0,424,278353.0,619.9398663697104,0.4326433804701937,74,38,0,3,72,36,0,30,0,0,72,18,0,9,72,0
1040,1040.0,422,278751.0,622.2120535714286,0.4678808131464539,74,38,0,1,72,36,0,30,0,0,72,18,0,9,72,0
1041,1041.0,420,279113.0,625.8139013452915,0.4914634468349989,74,38,0,0,72,36,0,30,0,0,72,18,0,8,72,0
1042,1042.0,418,279489.0,628.0651685393259,0.5165268073154293,74,38,0,0,72,36,0,30,0,0,72,18,0,6,72,0
1043,1043.0,416,279865.0,628.9101123595506,0.5465443009010716,74,38,0,0,72,36,0,30,0,0,72,18,0,4,72,0
1044,1044.0,414,280243.0,629.7595505617977,0.5687332028013996,74,38,0,0,72,36,0,30,0,0,72,18,0,2,72,0
1045,1045.0,414,280641.0,627.8322147651006,0.6363708285187173,74,38,1,0,72,36,0,30,0,0,72,18,0,1,72,0
1046,1046.0,414,281054.0,628.7561521252796,0.6225303498961239,74,38,1,0,72,36,0,31,0,0,72,18,0,0,72,0
1047,1047.0,415,281469.0,629.6845637583892,0.6488558035275778,74,38,1,0,72,36,0,32,0,0,72,18,0,0,72,0
1048,1048.0,416,281885.0,630.6152125279642,0.6818893390409266,74,38,1,0,72,36,0,33,0,0,72,18,0,0,72,0
1049,1049.0,419,282304.0,631.5525727069352,0.6778422571247344,74,38,1,1,72,36,0,35,0,0,72,18,0,0,72,0
1050,1050.0,419,282723.0,632.489932885906,0.6574795453888505,74,38,1,1,72,36,0,35,0,0,72,18,0,0,72,0
1051,1051.0,420,283143.0,630.6080178173719,0.6923766916571663,74,38,1,1,72,36,0,35,0,0,72,18,0,1,72,0
1052,1052.0,422,283565.0,631.5478841870824,0.6517299409944359,74,38,1,1,72,36,0,36,0,0,72,18,0,2,72,0
1053,1053.0,423,283988.0,632.4899777282851,0.6311772185857679,74,38,1,1,72,36,0,36,0,0,72,18,0,3,72,0
1054,1054.0,423,284411.0,633.4320712694878,0.5979767001424522,74,38,1,1,72,36,0,36,0,0,72,18,0,3,72,0
1055,1055.0,425,284836.0,634.3786191536748,0.5714851319939809,74,38,1,1,72,36,0,36,0,0,72,18,0,5,72,0
1056,1056.0,426,285262.0,635.3273942093541,0.541353482227424,74,38,1,2,72,36,0,36,0,0,72,18,0,5,72,0
1057,1057.0,428,285690.0,633.4589800443459,0.5749151935257586,74,38,1,2,72,36,0,36,0,0,72,18,0,7,72,0
1058,1058.0,429,286119.0,634.410199556541,0.5508781347936497,74,38,1,3,72,36,0,36,0,0,72,18,0,7,72,0
1059,1059.0,430,286549.0,636.7755555555556,0.4930741721804635,74,38,1,4,72,36,0,36,0,0,72,18,0,7,72,0
1060,1060.0,431,286980.0,637.7333333333333,0.4772858622222875,74,38,1,5,72,36,0,36,0,0,72,18,0,7,72,0
1061,1061.0,431,287411.0,640.1135857461024,0.4346973770334741,74,38,1,5,72,36,0,36,0,0,72,18,0,7,72,0
1062,1062.0,434,287845.0,641.0801781737193,0.4310325652244639,74,38,1,7,72,36,0,36,0,0,72,18,0,8,72,0
1063,1063.0,434,288279.0,642.0467706013363,0.4218707053844631,74,38,1,7,72,36,0,36,0,0,72,18,0,8,72,0
1064,1064.0,434,288713.0,644.4486607142857,0.3819600578700348,74,38,1,7,72,36,0,36,0,0,72,18,0,8,72,0
1065,1065.0,434,289147.0,645.4174107142857,0.33745866586419104,74,38,1,7,72,36,0,36,0,0,72,18,0,8,72,0
1066,1066.0,434,289581.0,646.3861607142857,0.30908289798971234,74,38,1,7,72,36,0,36,0,0,72,18,0,8,72,0
1067,1067.0,435,290016.0,648.8053691275168,0.2521029389951547,74,38,2,7,72,36,0,36,0,0,72,18,0,8,72,0
1068,1068.0,437,290453.0,649.7829977628635,0.23849373526348835,74,38,4,7,72,36,0,36,0,0,72,18,0,8,72,0
1069,1069.0,437,290890.0,647.8619153674833,0.2878469799394367,74,38,4,7,72,36,0,36,0,0,72,18,0,8,72,0
1070,1070.0,438,291328.0,648.837416481069,0.26869097757880167,74,38,4,7,72,36,0,36,0,0,72,18,0,9,72,0
1071,1071.0,438,291766.0,649.8129175946548,0.26007427870440725,74,38,4,7,72,36,0,36,0,0,72,18,0,9,72,0
1072,1072.0,439,292205.0,650.7906458797328,0.24596822023057902,74,38,5,7,72,36,0,36,0,0,72,18,0,9,72,0
1073,1073.0,439,292644.0,651.7683741648107,0.2283333922762673,74,38,5,7,72,36,0,36,0,0,72,18,0,9,72,0
1074,1074.0,440,293084.0,652.7483296213809,0.22124013977829715,74,38,6,7,72,36,0,36,0,0,72,18,0,9,72,0
1075,1075.0,440,293524.0,650.829268292683,0.26588726631333004,74,38,6,7,72,36,0,36,0,0,72,18,0,9,72,0
1076,1076.0,441,293965.0,651.8070953436807,0.25587150578071194,74,38,6,7,72,36,0,36,0,0,72,18,0,10,72,0
1077,1077.0,439,294362.0,652.6873614190687,0.26304142611084447,74,38,4,7,72,36,0,36,0,0,72,18,0,10,72,0
1078,1078.0,438,294780.0,653.6141906873614,0.2798760619933131,74,38,2,7,72,36,0,36,0,0,72,18,0,11,72,0
1079,1079.0,436,295204.0,654.5543237250554,0.3036144886321142,74,38,0,7,72,36,0,36,0,0,72,18,0,11,72,0
1080,1080.0,436,295640.0,655.5210643015521,0.3282628690623714,74,38,0,7,72,36,0,36,0,0,72,18,0,11,72,0
1081,1081.0,436,296076.0,653.5894039735099,0.4067269748792304,74,38,0,7,72,36,0,36,0,0,72,18,0,11,72,0
1082,1082.0,436,296512.0,654.551876379691,0.4254730548077989,74,38,0,7,72,36,0,36,0,0,72,18,0,11,72,0
1083,1083.0,436,296948.0,655.514348785872,0.44035812188300066,74,38,0,7,72,36,0,36,0,0,72,18,0,11,72,0
1084,1084.0,436,297384.0,656.476821192053,0.43163484731012736,74,38,0,7,72,36,0,36,0,0,72,18,0,11,72,0
1085,1085.0,436,297820.0,657.439293598234,0.4364453950496523,74,38,0,7,72,36,0,36,0,0,72,18,0,11,72,0
1086,1086.0,436,298256.0,658.401766004415,0.4335169392186356,74,38,0,7,72,36,0,36,0,0,72,18,0,11,72,0
1087,1087.0,438,298694.0,656.4703296703296,0.49427402932280595,74,38,1,7,72,36,0,36,0,0,72,18,0,12,72,0
1088,1088.0,438,299132.0,657.432967032967,0.46579813534808334,74,38,1,7,72,36,0,36,0,0,72,18,0,12,72,0
1089,1089.0,436,299493.0,658.2263736263736,0.43860664097337676,74,38,1,7,72,36,0,36,0,0,72,18,0,10,72,0
1090,1090.0,434,299855.0,659.021978021978,0.41482784123478744,74,38,1,7,72,36,0,36,0,0,72,18,0,8,72,0
1091,1091.0,433,300218.0,659.8197802197802,0.4012021961889253,74,38,2,7,72,36,0,36,0,0,72,18,0,6,72,0
1092,1092.0,431,300584.0,660.6241758241758,0.40754049685560007,74,38,2,7,72,36,0,36,0,0,72,18,0,4,72,0
1093,1093.0,431,300975.0,658.5886214442013,0.48301028780606786,74,38,3,7,72,36,0,36,0,0,72,18,0,3,72,0
1094,1094.0,429,301381.0,659.4770240700219,0.5281786196680658,74,38,3,7,72,36,0,36,0,0,72,18,0,1,72,0
1095,1095.0,429,301808.0,660.4113785557987,0.5725513336005943,74,38,3,7,72,36,0,36,1,0,72,18,0,0,72,0
1096,1096.0,429,302237.0,661.3501094091904,0.6129233875013275,74,38,3,7,72,36,0,36,1,0,72,18,0,0,72,0
1097,1097.0,429,302666.0,662.2888402625821,0.6050614031575026,74,38,3,7,72,36,0,36,1,0,72,18,0,0,72,0
1098,1098.0,428,303091.0,663.218818380744,0.6067788877542282,74,38,3,7,72,36,0,36,0,0,72,18,0,0,72,0
1099,1099.0,428,303519.0,661.2614379084968,0.6313473625509786,74,38,3,7,72,36,0,36,0,0,72,18,0,0,72,0
1100,1100.0,430,303949.0,662.19825708061,0.5749429854302116,74,38,3,7,72,36,0,36,0,0,72,18,0,2,72,0
1101,1101.0,431,304380.0,663.1372549019608,0.5247431568950655,74,38,4,7,72,36,0,36,0,0,72,18,0,2,72,0
1102,1102.0,432,304812.0,664.0784313725491,0.48265991421671084,74,38,4,7,72,36,0,36,0,0,72,18,0,3,72,0
1103,1103.0,436,305248.0,665.0283224400871,0.4383658909418768,74,38,4,8,72,36,0,36,0,0,72,18,1,5,72,0
1104,1104.0,436,305653.0,667.3646288209607,0.3811156140371465,74,38,3,9,72,36,0,36,0,0,72,18,0,6,72,0
1105,1105.0,436,306073.0,666.8257080610022,0.406830910815722,74,38,1,11,72,36,0,36,0,0,72,18,0,6,72,0
1106,1106.0,437,306508.0,669.231441048035,0.3805563581292789,74,38,0,11,72,36,0,36,0,0,72,18,0,8,72,0
1107,1107.0,439,306947.0,671.656455142232,0.3681999163793752,74,38,0,12,72,36,0,36,0,0,72,18,0,9,72,0
1108,1108.0,441,307388.0,674.0964912280701,0.3610221930823615,74,38,0,13,72,36,0,36,0,0,72,18,0,10,72,0
1109,1109.0,441,307829.0,675.063596491228,0.39748520813678767,74,38,0,13,72,36,0,36,0,0,72,18,0,10,72,0
1110,1110.0,441,308270.0,677.5164835164835,0.3827179376674285,74,38,0,13,72,36,0,36,0,0,72,18,0,10,72,0
1111,1111.0,441,308711.0,675.5164113785557,0.4500164935099071,74,38,0,13,72,36,0,36,0,0,72,18,0,10,72,0
1112,1112.0,441,309152.0,676.4814004376368,0.4386531860772053,74,38,0,13,72,36,0,36,0,0,72,18,0,10,72,0
1113,1113.0,441,309593.0,677.4463894967178,0.43049050308479975,74,38,0,13,72,36,0,36,0,0,72,18,0,10,72,0
1114,1114.0,441,310034.0,678.4113785557987,0.42619747089282234,74,38,0,13,72,36,0,36,0,0,72,18,0,10,72,0
1115,1115.0,441,310475.0,679.3763676148797,0.4193665903266439,74,38,0,13,72,36,0,36,0,0,72,18,0,10,72,0
1116,1116.0,442,310917.0,680.343544857768,0.41221718032184856,74,38,0,13,72,36,0,36,0,0,72,18,0,11,72,0
1117,1117.0,442,311359.0,678.3420479302832,0.45842285676853434,74,38,0,13,72,36,0,36,0,0,72,18,0,11,72,0
1118,1118.0,442,311801.0,679.3050108932462,0.436247493988223,74,38,0,13,72,36,0,36,0,0,72,18,0,11,72,0
1119,1119.0,442,312243.0,680.2679738562091,0.42012277351137656,74,38,0,13,72,36,0,36,0,0,72,18,0,11,72,0
1120,1120.0,442,312685.0,681.2309368191721,0.4126260341400102,74,38,0,13,72,36,0,36,0,0,72,18,0,11,72,0
1121,1121.0,443,313128.0,682.1960784313726,0.3896151208788318,74,38,0,13,72,36,0,36,0,0,72,18,0,12,72,0
1122,1122.0,444,313572.0,683.1633986928105,0.3643923769644662,74,38,1,13,72,36,0,36,0,0,72,18,0,12,72,0
1123,1123.0,445,314017.0,681.1648590021692,0.38676054304286883,74,38,2,13,72,36,0,36,0,0,72,18,0,12,72,0
1124,1124.0,445,314462.0,682.1301518438178,0.3724628592459019,74,38,2,13,72,36,0,36,0,0,72,18,0,12,72,0
1125,1125.0,445,314907.0,683.0954446854664,0.3699418036622158,74,38,2,13,72,36,0,36,0,0,72,18,0,12,72,0
1126,1126.0,446,315353.0,684.0629067245119,0.3606815445853534,74,38,2,13,72,36,0,36,0,0,72,18,0,13,72,0
1127,1127.0,447,315800.0,685.0325379609544,0.3604261625977793,74,38,3,13,72,36,0,36,0,0,72,18,0,13,72,0
1128,1128.0,447,316247.0,686.0021691973969,0.3487534561421319,74,38,3,13,72,36,0,36,0,0,72,18,0,13,72,0
1129,1129.0,447,316694.0,684.0043196544276,0.38889603388453253,74,38,3,13,72,36,0,36,0,0,72,18,0,13,72,0
1130,1130.0,448,317142.0,684.9719222462203,0.3730869731478471,74,38,4,13,72,36,0,36,0,0,72,18,0,13,72,0
1131,1131.0,448,317590.0,687.4242424242424,0.33158355554474517,74,38,4,13,72,36,0,36,0,0,72,18,0,13,72,0
1132,1132.0,449,318039.0,689.8893709327549,0.2927091901102144,74,38,5,13,72,36,0,36,0,0,72,18,0,13,72,0
1133,1133.0,449,318488.0,693.8736383442266,0.23586853662447257,74,38,5,13,72,36,0,36,0,0,72,18,0,13,72,0
1134,1134.0,448,318913.0,696.3165938864629,0.22107287092990663,74,38,3,13,72,36,0,36,0,0,72,18,0,14,72,0
1135,1135.0,446,319346.0,694.2304347826087,0.29000930117689194,74,38,1,13,72,36,0,36,0,0,72,18,0,14,72,0
1136,1136.0,445,319787.0,695.1891304347826,0.30384395630174926,74,38,0,13,72,36,0,36,0,0,72,18,0,14,72,0
1137,1137.0,445,320232.0,696.1565217391304,0.3082592500178891,74,38,0,13,72,36,0,36,0,0,72,18,0,14,72,0
1138,1138.0,445,320677.0,697.1239130434783,0.32725106942935056,74,38,0,13,72,36,0,36,0,0,72,18,0,14,72,0
1139,1139.0,445,321122.0,698.091304347826,0.3446196019225544,74,38,0,13,72,36,0,36,0,0,72,18,0,14,72,0
1140,1140.0,445,321567.0,699.0586956521739,0.3584734634245321,74,38,0,13,72,36,0,36,0,0,72,18,0,14,72,0
1141,1141.0,446,322013.0,696.9978354978355,0.4300645507522381,74,38,0,13,72,36,0,36,0,0,72,18,0,15,72,0
1142,1142.0,446,322459.0,697.9632034632035,0.43993376135275025,74,38,0,13,72,36,0,36,0,0,72,18,0,15,72,0
1143,1143.0,446,322905.0,698.9285714285714,0.42847891554931283,74,38,0,13,72,36,0,36,0,0,72,18,0,15,72,0
1144,1144.0,446,323351.0,699.8939393939394,0.4188352593407733,74,38,0,13,72,36,0,36,0,0,72,18,0,15,72,0
1145,1145.0,446,323797.0,700.8593073593073,0.3944232461654,74,38,0,13,72,36,0,36,0,0,72,18,0,15,72,0
1146,1146.0,447,324244.0,701.8268398268398,0.36481495451947055,74,38,0,13,72,36,0,36,0,0,72,18,0,16,72,0
1147,1147.0,447,324691.0,699.7650862068965,0.392779597597937,74,38,0,13,72,36,0,36,0,0,72,18,0,16,72,0
1148,1148.0,448,325139.0,700.7306034482758,0.36977859585032324,74,38,1,13,72,36,0,36,0,0,72,18,0,16,72,0
1149,1149.0,448,325587.0,701.6961206896551,0.34138213640824805,74,38,1,13,72,36,0,36,0,0,72,18,0,16,72,0
1150,1150.0,449,326036.0,702.6637931034483,0.30989636035381674,74,38,1,13,72,36,0,36,0,0,72,18,0,17,72,0
1151,1151.0,450,326486.0,703.6336206896551,0.2693045467217229,74,38,1,13,72,36,1,36,0,0,72,18,0,17,72,0
1152,1152.0,451,326933.0,704.5969827586207,0.25008927591041985,74,38,0,13,72,36,3,36,0,0,72,18,0,17,72,0
1153,1153.0,451,327384.0,702.5407725321888,0.30878161509003643,74,38,0,13,72,36,3,36,0,0,72,18,0,17,72,0
1154,1154.0,452,327836.0,703.5107296137339,0.30373954516391827,74,38,0,13,72,36,4,36,0,0,72,18,0,17,72,0
1155,1155.0,454,328290.0,704.4849785407725,0.292753275917887,74,38,0,13,72,36,5,36,0,1,72,18,0,17,72,0
1156,1156.0,455,328745.0,705.4613733905579,0.29243107573827715,74,38,0,13,72,36,5,36,0,1,72,18,0,18,72,0
1157,1157.0,455,329200.0,706.4377682403433,0.28969110970706263,74,38,0,13,72,36,5,36,0,1,72,18,0,18,72,0
1158,1158.0,453,329640.0,707.381974248927,0.2925271359382647,74,38,0,13,72,36,3,36,0,1,72,18,0,18,72,0
1159,1159.0,451,330080.0,705.2991452991453,0.35572350840779643,74,38,0,13,72,36,1,36,0,1,72,18,0,18,72,0
1160,1160.0,450,330524.0,706.2478632478633,0.3703260637658832,74,38,0,13,72,36,0,36,0,1,72,18,0,18,72,0
1161,1161.0,451,330975.0,707.2115384615385,0.37392953290088765,74,38,0,13,72,36,0,36,0,2,72,18,0,18,72,0
1162,1162.0,451,331426.0,708.1752136752136,0.3818556319397716,74,38,0,13,72,36,0,36,0,2,72,18,0,18,72,0
1163,1163.0,451,331877.0,709.1388888888889,0.3889536757132175,74,38,0,13,72,36,0,36,0,2,72,18,0,18,72,0
1164,1164.0,450,332315.0,710.0747863247864,0.41130916390160793,74,38,1,13,72,36,0,36,0,0,72,18,0,18,72,0
1165,1165.0,450,332765.0,708.0106382978723,0.4835587976988147,74,38,1,13,72,36,0,36,0,0,72,18,0,18,72,0
1166,1166.0,450,333215.0,708.968085106383,0.49634325016875375,74,38,1,13,72,36,0,36,0,0,72,18,0,18,72,0
1167,1167.0,450,333665.0,709.9255319148937,0.5133002043990571,74,38,1,13,72,36,0,36,0,0,72,18,0,18,72,0
1168,1168.0,450,334115.0,710.8829787234042,0.5196577294402639,74,38,1,13,72,36,0,36,0,0,72,18,0,18,72,0
1169,1169.0,450,334565.0,711.8404255319149,0.5209128057666619,74,38,1,13,72,36,0,36,0,0,72,18,0,18,72,0
1170,1170.0,450,335015.0,712.7978723404256,0.5134551878928231,74,38,1,13,72,36,0,36,0,0,72,18,0,18,72,0
1171,1171.0,451,335466.0,712.2420382165606,0.5125386207791485,74,38,2,13,72,36,0,36,0,0,72,18,0,18,72,0
1172,1172.0,451,335917.0,714.7170212765958,0.4694962832270632,74,38,2,13,72,36,0,36,0,0,72,18,0,18,72,0
1173,1173.0,452,336369.0,715.6787234042553,0.43883388169963816,74,38,3,13,72,36,0,36,0,0,72,18,0,18,72,0
1174,1174.0,453,336822.0,718.1705756929638,0.37035040897641486,74,38,3,13,72,36,0,36,0,0,72,18,0,19,72,0
1175,1175.0,453,337275.0,720.6730769230769,0.32618906267116715,74,38,3,13,72,36,0,36,0,0,72,18,0,19,72,0
1176,1176.0,456,337731.0,721.6474358974359,0.31595387533831576,74,38,4,13,72,36,0,36,0,0,72,18,0,21,72,0
1177,1177.0,456,338187.0,721.0810234541577,0.3414850311604815,74,38,4,13,72,36,0,36,0,0,72,18,0,21,72,0
1178,1178.0,456,338643.0,722.0533049040512,0.3408287412657683,74,38,4,13,72,36,0,36,0,0,72,18,0,21,72,0
1179,1179.0,453,338915.0,724.1773504273505,0.3333099121600756,74,38,2,13,72,36,0,36,0,0,72,18,0,20,72,0
1180,1180.0,449,339198.0,724.7820512820513,0.3498273199215109,74,38,0,13,72,36,0,36,0,0,72,18,0,18,72,0
1181,1181.0,447,339490.0,728.519313304721,0.331593826137109,74,38,0,13,72,36,0,36,0,0,72,18,0,16,72,0
1182,1182.0,445,339783.0,729.1480686695279,0.358307917930249,74,38,0,13,72,36,0,36,0,0,72,18,0,14,72,0
1183,1183.0,443,340075.0,726.6559829059829,0.45328327065773205,74,38,0,13,72,36,0,36,0,0,72,18,0,12,72,0
1184,1184.0,442,340386.0,727.3205128205128,0.49808743425724367,74,38,0,13,72,36,0,36,0,0,72,18,0,11,72,0
1185,1185.0,440,340716.0,728.025641025641,0.5694396365578972,74,38,0,13,72,36,0,36,0,0,72,18,0,9,72,0
1186,1186.0,438,341073.0,728.7884615384615,0.6162132336128529,74,38,0,13,72,36,0,36,0,0,72,18,0,7,72,0
1187,1187.0,436,341437.0,729.5662393162393,0.6312338603750851,74,38,0,13,72,36,0,36,0,0,72,18,0,5,72,0
1188,1188.0,436,341847.0,730.4423076923077,0.6115202600243969,74,38,0,13,72,36,0,36,0,0,72,18,0,5,72,0
1189,1189.0,434,342258.0,728.2085106382979,0.629094096564197,74,38,0,13,72,36,0,36,0,0,72,18,0,3,72,0
1190,1190.0,435,342693.0,729.1340425531915,0.5716239604991202,74,38,0,13,72,36,0,36,0,0,72,18,0,4,72,0
1191,1191.0,435,343121.0,730.0446808510638,0.525396220952597,74,38,0,13,72,36,0,36,0,0,72,18,0,4,72,0
1192,1192.0,437,343558.0,730.9744680851064,0.47037562902163055,74,38,0,14,72,36,0,36,0,0,72,18,0,5,72,0
1193,1193.0,440,343998.0,731.9106382978723,0.42440298582224856,74,38,1,15,72,36,0,36,0,0,72,18,0,6,72,0
1194,1194.0,442,344440.0,732.8510638297872,0.38146144349534683,74,38,1,15,72,36,0,36,0,0,72,18,0,8,72,0
1195,1195.0,443,344883.0,730.6843220338983,0.39834705638386925,74,38,1,16,72,36,0,36,0,0,72,18,0,8,72,0
1196,1196.0,449,345332.0,731.6355932203389,0.3387310352820395,74,38,1,19,72,36,1,36,0,0,72,18,0,10,72,0
1197,1197.0,449,345780.0,732.5847457627119,0.29368697997488213,74,38,1,19,72,36,0,36,0,0,72,18,0,11,72,0
1198,1198.0,449,346229.0,733.5360169491526,0.268544464413772,74,38,1,19,72,36,0,36,0,0,72,18,0,11,72,0
1199,1199.0,452,346681.0,734.4936440677966,0.2712547061250438,74,38,2,19,72,36,0,36,0,0,72,18,0,13,72,0
1200,1200.0,453,347133.0,735.4512711864406,0.26951954593073113,74,38,2,19,72,36,0,36,0,0,72,18,0,14,72,0
1201,1201.0,454,347587.0,733.3059071729958,0.34980910741280813,74,38,2,19,72,36,0,36,0,0,72,18,0,15,72,0
1202,1202.0,456,348043.0,734.2679324894515,0.352775438429242,74,38,2,19,72,36,0,36,0,0,72,18,0,17,72,0
1203,1203.0,457,348500.0,735.2320675105485,0.35089181451791224,74,38,2,19,72,36,0,36,0,0,72,18,0,18,72,0
1204,1204.0,459,348959.0,736.2004219409283,0.35620934589426245,74,38,3,19,72,36,0,36,0,0,72,18,0,19,72,0
1205,1205.0,460,349419.0,737.1708860759494,0.3508459197281285,74,38,3,19,72,36,0,36,0,0,72,18,0,20,72,0
1206,1206.0,458,347520.0,733.1645569620254,0.3529124022061361,74,38,3,19,72,34,0,36,0,0,72,18,0,20,72,0
1207,1207.0,456,345623.0,726.0987394957983,0.40106193487010233,74,38,3,19,72,32,0,36,0,0,72,18,0,20,72,0
1208,1208.0,455,343733.0,722.1281512605042,0.4092571081257701,74,38,3,19,72,30,0,36,0,0,72,18,0,21,72,0
1209,1209.0,453,341846.0,718.1638655462185,0.4249811919248941,74,38,3,19,72,28,0,36,0,0,72,18,0,21,72,0
1210,1210.0,452,339960.0,714.2016806722689,0.44634860436912355,74,38,3,19,72,26,0,36,0,1,72,18,0,21,72,0
1211,1211.0,450,338077.0,711.7410526315789,0.45290707503016203,74,38,3,19,72,24,0,36,0,1,72,18,0,21,72,0
1212,1212.0,447,336167.0,710.7124735729387,0.4293441284975712,74,38,2,19,72,22,0,36,0,1,72,18,0,21,72,0
1213,1213.0,443,334277.0,703.7410526315789,0.5356218708289937,74,38,0,19,72,20,0,36,0,1,72,18,0,21,72,0
1214,1214.0,441,332400.0,702.7484143763213,0.5045388353552003,74,38,0,19,72,18,0,36,0,1,72,18,0,21,72,0
1215,1215.0,439,331674.0,701.2135306553911,0.5407198833546741,74,38,0,19,72,17,0,36,0,0,72,18,0,21,72,0
1216,1216.0,439,329800.0,698.728813559322,0.552129595818144,74,38,0,19,72,17,0,36,0,0,72,18,0,21,72,0
1217,1217.0,438,327929.0,694.7648305084746,0.5658261233683926,74,38,0,19,72,16,0,36,0,0,72,18,0,21,72,0
1218,1218.0,436,326061.0,690.8072033898305,0.5852313765082211,74,38,0,19,72,14,0,36,0,0,72,18,0,21,72,0
1219,1219.0,437,325349.0,686.3902953586498,0.6691861326771645,74,38,0,19,72,15,0,36,0,0,72,18,0,21,72,0
1220,1220.0,437,323489.0,682.4662447257384,0.6873323825292178,74,38,0,19,72,15,0,36,0,0,72,18,0,21,72,0
1221,1221.0,435,321633.0,678.5506329113924,0.6811067735905678,74,38,0,19,72,13,0,36,0,0,72,18,0,21,72,0
1222,1222.0,434,319783.0,674.6476793248945,0.6677264581009037,74,38,0,19,72,12,0,36,0,0,72,18,0,21,72,0
1223,1223.0,433,317934.0,670.746835443038,0.6385060394207552,74,38,0,19,72,11,0,36,0,0,72,18,0,21,72,0
1224,1224.0,434,317232.0,669.2658227848101,0.5998669129196101,74,38,0,19,72,12,0,36,0,0,72,18,0,21,72,0
1225,1225.0,434,315390.0,659.8117154811715,0.6126435825958145,74,38,1,19,71,12,0,36,0,0,72,18,0,21,72,0
1226,1226.0,436,313554.0,655.9707112970711,0.5745926384479602,74,38,1,19,69,14,0,36,0,0,72,18,0,23,72,0
1227,1227.0,436,311723.0,652.1401673640167,0.5501321823664214,74,38,1,19,68,15,0,36,0,0,72,18,0,23,72,0
1228,1228.0,437,309898.0,648.3221757322176,0.5277006825433924,74,38,1,19,67,16,1,36,0,0,72,18,0,23,72,0
1229,1229.0,439,308079.0,644.5167364016736,0.5003193189513208,74,38,2,19,65,17,3,36,0,0,72,18,0,23,72,0
1230,1230.0,439,306265.0,640.7217573221757,0.48102151805675686,74,38,2,19,63,19,3,36,0,0,72,18,0,23,72,0
1231,1231.0,441,304456.0,634.2833333333333,0.49108172336068284,74,38,2,19,61,20,4,36,0,0,72,18,0,25,72,0
1232,1232.0,442,302656.0,630.5333333333333,0.47764060572025896,74,38,2,19,59,22,4,36,0,1,72,18,0,25,72,0
1233,1233.0,443,300861.0,626.79375,0.4603420576416568,74,38,3,19,57,23,4,36,0,1,72,18,1,25,72,0
1234,1234.0,443,300187.0,625.3895833333333,0.4479902294657899,74,38,3,19,56,24,4,36,0,1,72,18,1,25,72,0
1235,1235.0,443,298401.0,621.66875,0.4157797810429626,74,38,3,19,54,26,4,36,0,1,72,18,1,25,72,0
1236,1236.0,441,296610.0,617.9375,0.41292650592957425,74,38,4,19,52,26,4,36,0,1,72,18,0,25,72,0
1237,1237.0,443,294830.0,611.6804979253112,0.45052130817283587,74,38,4,19,52,28,4,36,0,1,72,18,0,25,72,0
1238,1238.0,445,294166.0,610.3029045643153,0.4454293548678205,74,38,4,19,53,29,4,36,0,1,72,18,0,25,72,0
1239,1239.0,441,291917.0,605.6369294605809,0.4619526215996542,74,38,4,19,51,30,4,34,0,0,72,18,0,25,72,0
1240,1240.0,439,289682.0,601.0,0.4780380592189396,74,38,4,19,49,32,4,32,0,0,72,18,0,25,72,0
1241,1241.0,439,287453.0,597.6153846153846,0.4708598292386837,74,38,4,19,49,34,4,30,0,0,72,18,0,25,72,0
1242,1242.0,439,285230.0,594.2291666666666,0.46897986267620434,74,38,4,19,49,36,4,28,0,0,72,18,0,25,72,0
1243,1243.0,436,283013.0,587.1639004149378,0.573406218724443,74,38,4,19,48,36,4,26,0,0,72,18,0,25,72,0
1244,1244.0,435,282991.0,588.3388773388773,0.5879268717213819,74,38,4,19,49,36,4,24,0,0,72,18,0,25,72,0
1245,1245.0,433,281853.0,587.19375,0.5970370874641572,74,38,4,19,49,36,4,22,0,0,72,18,0,25,72,0
1246,1246.0,432,281813.0,587.1104166666667,0.6092034354907548,74,38,4,19,50,36,4,20,0,0,72,18,0,25,72,0
1247,1247.0,431,281789.0,588.286012526096,0.5744377948077655,74,38,4,19,51,36,4,18,0,0,72,18,0,25,72,0
1248,1248.0,432,281994.0,588.713987473904,0.5469756124534687,74,38,4,19,52,36,4,18,0,0,72,18,0,25,72,0
1249,1249.0,434,281975.0,583.7991718426501,0.5741741919836961,74,38,5,19,53,36,4,16,0,0,72,18,0,27,72,0
1250,1250.0,436,281959.0,584.9771784232365,0.5172512486661246,74,38,5,19,56,36,4,15,0,0,72,18,0,27,72,0
1251,1251.0,434,282121.0,585.3132780082988,0.5115909189075522,74,38,5,19,56,36,2,15,0,0,72,18,0,27,72,0
1252,1252.0,435,282061.0,582.7706611570248,0.4967774669532681,74,38,5,19,58,36,0,14,0,1,72,18,0,28,72,0
1253,1253.0,437,282272.0,584.4140786749482,0.4597851676308415,74,38,6,19,59,36,0,14,0,1,72,18,0,28,72,0
1254,1254.0,436,282257.0,585.5954356846473,0.43388420427540386,74,38,6,19,60,36,0,12,0,1,72,18,0,28,72,0
1255,1255.0,438,282262.0,585.6058091286307,0.4319421933638227,74,38,6,19,62,36,0,12,0,1,72,18,0,28,72,0
1256,1256.0,441,282493.0,586.0850622406639,0.44123139099467173,74,38,7,19,64,36,0,12,0,1,72,18,0,28,72,0
1257,1257.0,441,282512.0,588.5666666666667,0.4018703016778416,74,38,7,19,65,36,0,12,0,0,72,18,0,28,72,0
1258,1258.0,440,282537.0,588.61875,0.4253653489128394,74,38,7,19,65,36,0,11,0,0,72,18,0,28,72,0
1259,1259.0,442,282568.0,588.6833333333333,0.4281993805305265,74,38,7,17,67,36,0,13,0,0,72,18,0,28,72,0
1260,1260.0,439,282537.0,588.61875,0.45187212202051996,74,38,5,15,67,36,0,14,0,0,72,18,0,28,72,0
1261,1261.0,438,282521.0,586.143153526971,0.5252384867907631,74,38,3,13,68,36,0,16,0,0,72,18,0,28,72,0
1262,1262.0,438,282578.0,586.2614107883818,0.5278853044905235,74,38,1,11,70,36,0,18,0,0,72,18,0,28,72,0
1263,1263.0,439,282693.0,586.5,0.5201650105331084,74,38,0,9,71,36,0,20,1,0,72,18,0,28,72,0
1264,1264.0,438,282815.0,589.1979166666666,0.4714461993876183,74,38,0,7,72,36,0,20,1,0,72,18,0,28,72,0
1265,1265.0,438,283024.0,589.6333333333333,0.4908362472630476,74,38,0,5,72,36,0,21,1,0,72,18,0,29,72,0
1266,1266.0,438,283317.0,591.4759916492693,0.46363127823512656,74,38,0,3,72,36,0,22,1,0,72,18,0,30,72,0
1267,1267.0,438,283613.0,590.8604166666667,0.4798009632923318,74,38,0,1,72,36,0,24,1,0,72,18,0,30,72,0
1268,1268.0,437,283978.0,591.6208333333333,0.4390871552578151,74,38,0,0,72,36,0,24,1,0,72,18,0,30,72,0
1269,1269.0,443,284421.0,592.54375,0.4163489233422909,74,38,0,1,72,36,0,27,2,0,72,18,0,31,72,0
1270,1270.0,446,284867.0,593.4729166666667,0.40098757791009143,74,38,1,2,72,36,0,28,2,0,72,18,0,31,72,0
1271,1271.0,450,285317.0,594.4104166666667,0.3786416085951402,74,38,2,3,72,36,0,29,2,1,72,18,0,31,72,0
1272,1272.0,453,285758.0,595.3291666666667,0.35038982536118296,74,38,3,5,72,36,0,31,0,1,72,18,0,31,72,0
1273,1273.0,454,286212.0,593.8008298755186,0.3761344304987794,74,38,3,5,72,36,0,32,0,1,72,18,0,31,72,0
1274,1274.0,457,286669.0,594.7489626556016,0.3501797848722647,74,38,3,6,72,36,0,34,0,1,72,18,0,31,72,0
1275,1275.0,460,287129.0,595.7033195020747,0.3100690437651457,74,38,3,7,72,36,0,35,0,2,72,18,0,31,72,0
1276,1276.0,461,287590.0,596.6597510373444,0.25139268045811813,74,38,3,8,72,36,0,35,0,2,72,18,0,31,72,0
1277,1277.0,466,288056.0,597.6265560165975,0.21369329918911306,74,38,4,11,72,36,0,36,0,2,72,18,0,31,72,0
1278,1278.0,471,288527.0,598.603734439834,0.19500462801197888,74,38,5,13,72,36,2,36,0,2,72,18,0,31,72,0
1279,1279.0,471,288998.0,597.103305785124,0.23278864818993758,74,38,5,13,72,36,2,36,0,2,72,18,0,31,72,0
1280,1280.0,474,289472.0,598.0826446280992,0.22664592438590087,74,38,5,13,72,36,4,36,0,3,72,18,0,31,72,0
1281,1281.0,475,289947.0,599.0640495867768,0.21458341316268417,74,38,5,13,72,36,5,36,0,3,72,18,0,31,72,0
1282,1282.0,476,290423.0,600.047520661157,0.20838681727412714,74,38,5,13,72,36,6,36,0,3,72,18,0,31,72,0
1283,1283.0,476,290899.0,601.0309917355372,0.19470826481020173,74,38,5,13,72,36,6,36,0,3,72,18,0,31,72,0
1284,1284.0,476,291375.0,602.0144628099174,0.19017732131270448,74,38,5,13,72,36,6,36,0,3,72,18,0,31,72,0
1285,1285.0,476,291851.0,600.5164609053498,0.24551606866948142,74,38,5,13,72,36,6,36,0,3,72,18,0,31,72,0
1286,1286.0,477,292328.0,601.4979423868313,0.24121958372476532,74,38,5,13,72,36,6,36,0,4,72,18,0,31,72,0
1287,1287.0,477,292805.0,602.4794238683128,0.24960068197004115,74,38,5,13,72,36,6,36,0,4,72,18,0,31,72,0
1288,1288.0,477,293282.0,603.4609053497942,0.24305803343350868,74,38,5,13,72,36,6,36,0,4,72,18,0,31,72,0
1289,1289.0,477,293759.0,604.4423868312757,0.24294031346827583,74,38,5,13,72,36,6,36,0,4,72,18,0,31,72,0
1290,1290.0,477,294236.0,605.4238683127572,0.24254919082617332,74,38,5,13,72,36,6,36,0,4,72,18,0,31,72,0
1291,1291.0,477,294713.0,603.9200819672132,0.2937436343474296,74,38,5,13,72,36,6,36,0,4,72,18,0,31,72,0
1292,1292.0,477,295190.0,604.8975409836065,0.28696415359733085,74,38,5,13,72,36,6,36,0,4,72,18,0,31,72,0
1293,1293.0,477,295667.0,605.875,0.2751786128566649,74,38,5,13,72,36,6,36,0,4,72,18,0,31,72,0
1294,1294.0,477,296144.0,606.8524590163935,0.25767127559797826,74,38,5,13,72,36,6,36,0,4,72,18,0,31,72,0
1295,1295.0,478,296622.0,607.8319672131148,0.24146861695153826,74,38,5,13,72,36,6,36,0,5,72,18,0,31,72,0
1296,1296.0,476,297062.0,608.733606557377,0.21034503511210662,74,38,5,13,72,36,4,36,0,5,72,18,0,31,72,0
1297,1297.0,475,297503.0,607.1489795918367,0.25288861621230635,74,38,6,13,72,36,2,36,0,5,72,18,0,31,72,0
1298,1298.0,473,297943.0,608.0469387755102,0.2286502644222874,74,38,6,13,72,36,0,36,0,5,72,18,0,31,72,0
1299,1299.0,474,298417.0,609.0142857142857,0.23072370836550912,74,38,6,13,72,36,0,36,0,6,72,18,0,31,72,0
1300,1300.0,475,298892.0,609.9836734693878,0.24670006730357136,74,38,7,13,72,36,0,36,0,6,72,18,0,31,72,0
1301,1301.0,478,299370.0,610.9591836734694,0.26403402536775616,74,38,9,13,72,36,0,36,0,7,72,18,0,31,72,0
1302,1302.0,478,299848.0,611.934693877551,0.2793729037713143,74,38,9,13,72,36,0,36,0,7,72,18,0,31,72,0
1303,1303.0,478,300326.0,610.4186991869918,0.3591737006614025,74,38,9,13,72,36,0,36,0,7,72,18,0,31,72,0
1304,1304.0,478,300804.0,611.390243902439,0.3651453579029176,74,38,9,13,72,36,0,36,0,7,72,18,0,31,72,0
1305,1305.0,478,301282.0,612.3617886178862,0.36447194683059664,74,38,9,13,72,36,0,36,0,7,72,18,0,31,72,0
1306,1306.0,478,301760.0,613.3333333333334,0.35530206329116215,74,38,9,13,72,36,0,36,0,7,72,18,0,31,72,0
1307,1307.0,478,302238.0,614.3048780487804,0.3437996374701408,74,38,9,13,72,36,0,36,0,7,72,18,0,31,72,0
1308,1308.0,476,302644.0,615.130081300813,0.33882799730952307,74,38,9,13,72,36,0,36,0,5,72,18,0,31,72,0
1309,1309.0,475,303067.0,613.495951417004,0.3876770663930445,74,38,9,13,72,36,0,36,0,4,72,18,0,31,72,0
1310,1310.0,473,303514.0,614.4008097165992,0.3963472898966865,74,38,9,13,72,36,0,36,0,2,72,18,0,31,72,0
1311,1311.0,471,303973.0,617.8313008130082,0.35485940619712086,74,38,9,13,72,36,0,36,0,0,72,18,0,31,72,0
1312,1312.0,473,304446.0,620.0529531568228,0.3428918995063163,74,38,11,13,72,36,0,36,0,0,72,18,0,31,72,0
1313,1313.0,473,304919.0,622.2836734693877,0.30839757128765466,74,38,11,13,72,36,0,36,0,0,72,18,0,31,72,0
1314,1314.0,474,305393.0,623.2510204081633,0.2642326894715783,74,38,11,13,72,36,0,36,0,0,72,18,0,32,72,0
1315,1315.0,474,305867.0,624.2183673469387,0.2432962798806308,74,38,11,13,72,36,0,36,0,0,72,18,0,32,72,0
1316,1316.0,476,306343.0,625.1897959183674,0.20627580297022907,74,38,11,13,72,36,0,36,0,1,72,18,1,32,72,0
1317,1317.0,477,306562.0,625.6367346938775,0.18485910428277458,74,38,11,13,72,36,0,36,0,2,72,18,1,32,72,0
1318,1318.0,475,306782.0,626.0857142857143,0.1738630478528852,74,38,11,13,72,36,0,36,0,2,72,18,1,30,72,0
1319,1319.0,476,307005.0,626.5408163265306,0.17250856652853438,74,38,12,13,72,36,0,36,0,3,72,18,1,29,72,0
1320,1320.0,473,307222.0,626.9836734693878,0.1893832399402851,74,38,12,13,72,36,0,36,0,3,72,18,0,27,72,0
1321,1321.0,473,307445.0,624.8882113821138,0.2843549472056239,74,38,12,13,72,36,0,36,0,4,72,18,0,26,72,0
1322,1322.0,472,307669.0,625.3434959349594,0.3157292462338475,74,38,12,13,72,36,0,36,0,5,72,18,0,24,72,0
1323,1323.0,470,307893.0,625.7987804878048,0.3587095591212191,74,38,12,13,72,36,0,36,0,5,72,18,0,22,72,0
1324,1324.0,468,308116.0,626.2520325203252,0.4126264175016555,74,38,12,13,72,36,0,36,0,5,72,18,0,20,72,0
1325,1325.0,466,308337.0,626.7012195121952,0.4286888283187925,74,38,12,13,72,36,0,36,0,5,72,18,0,18,72,0
1326,1326.0,465,308680.0,627.3983739837398,0.438030323735636,74,38,12,13,72,36,0,36,0,5,72,18,0,17,72,0
1327,1327.0,464,308921.0,625.3461538461538,0.468011321081746,74,38,12,13,72,36,0,36,0,5,72,18,0,16,72,0
1328,1328.0,464,309265.0,626.0425101214574,0.4145038703547153,74,38,12,13,72,36,0,36,0,5,72,18,0,16,72,0
1329,1329.0,463,309527.0,626.5728744939271,0.3422984649710853,74,38,12,13,72,36,0,36,0,6,72,18,0,14,72,0
1330,1330.0,464,309811.0,627.1477732793522,0.27799094454647844,74,38,12,14,72,36,0,36,0,6,72,18,0,14,72,0
1331,1331.0,463,310113.0,627.7591093117409,0.23715534153647888,74,38,12,15,72,36,0,36,0,6,72,18,0,12,72,0
1332,1332.0,466,310513.0,628.5688259109312,0.20170228219134909,74,38,13,16,72,36,0,36,0,6,72,18,0,13,72,0
1333,1333.0,469,310914.0,626.8427419354839,0.24282123090424423,74,38,15,17,72,36,0,36,0,7,72,18,0,12,72,0
1334,1334.0,471,311303.0,627.6270161290323,0.23326630328155734,74,38,15,18,72,36,0,36,0,7,72,18,1,12,72,0
1335,1335.0,470,311736.0,628.5,0.22454021612652864,74,38,15,18,72,36,0,36,0,7,72,18,1,11,72,0
1336,1336.0,471,312173.0,629.3810483870968,0.2162616536843931,74,38,15,19,72,36,0,36,0,7,72,18,1,11,72,0
1337,1337.0,472,312645.0,630.3326612903226,0.19993402262115384,74,38,15,19,72,36,0,36,0,7,72,18,1,12,72,0
1338,1338.0,472,313113.0,631.2762096774194,0.20421312219340826,74,38,15,19,72,36,0,36,0,7,72,18,0,13,72,0
1339,1339.0,475,313588.0,629.6947791164658,0.26441168363052275,74,38,15,19,72,36,0,36,0,8,72,18,0,15,72,0
1340,1340.0,477,314065.0,630.652610441767,0.2556073350635052,74,38,15,19,72,36,0,36,0,8,72,18,0,17,72,0
1341,1341.0,478,314543.0,631.6124497991968,0.23677373586398806,74,38,15,19,72,36,0,36,0,8,72,18,0,18,72,0
1342,1342.0,479,315022.0,632.574297188755,0.2302611521475477,74,38,15,19,72,36,0,36,0,8,72,18,0,19,72,0
1343,1343.0,479,315501.0,633.5361445783133,0.2103285610004789,74,38,15,19,72,36,0,36,0,8,72,18,0,19,72,0
1344,1344.0,482,315983.0,634.504016064257,0.19741991501916012,74,38,15,19,72,36,0,36,0,8,72,18,0,22,72,0
1345,1345.0,482,316464.0,632.928,0.24317658950917087,74,38,15,19,72,36,0,36,0,8,72,18,0,22,72,0
1346,1346.0,485,316949.0,633.898,0.213708482097886,74,38,15,19,72,36,0,36,0,9,72,18,0,24,72,0
1347,1347.0,487,317436.0,634.872,0.1901502678986338,74,38,16,19,72,36,0,36,0,9,72,18,0,25,72,0
1348,1348.0,488,317924.0,635.848,0.16470999127445046,74,38,16,19,72,36,0,36,0,9,72,18,0,26,72,0
1349,1349.0,492,318416.0,636.832,0.15015423458125687,74,38,17,19,72,36,0,36,0,9,72,18,0,29,72,0
1350,1350.0,492,318906.0,637.812,0.13534806917070805,74,38,17,19,72,36,0,36,0,10,72,18,0,28,72,0
1351,1351.0,494,319400.0,636.2549800796813,0.1849346624501201,74,38,17,19,72,36,0,36,0,10,72,18,0,30,72,0
1352,1352.0,494,319894.0,637.2390438247012,0.18264977740575222,74,38,17,19,72,36,0,36,0,10,72,18,0,30,72,0
1353,1353.0,495,320389.0,638.2250996015936,0.1817212120010453,74,38,18,19,72,36,0,36,0,10,72,18,0,30,72,0
1354,1354.0,495,320884.0,639.2111553784861,0.17517670118899262,74,38,18,19,72,36,0,36,0,10,72,18,0,30,72,0
1355,1355.0,495,321379.0,640.1972111553785,0.1500703913059414,74,38,18,19,72,36,0,36,0,10,72,18,0,30,72,0
1356,1356.0,493,321795.0,641.0258964143426,0.13243943098930783,74,38,18,19,72,36,0,36,0,8,72,18,0,30,72,0
1357,1357.0,491,322210.0,639.3055555555555,0.19148341351872894,74,38,18,19,72,36,0,36,0,6,72,18,0,30,72,0
1358,1358.0,491,322636.0,640.1507936507936,0.2051012878237102,74,38,19,19,72,36,0,36,0,5,72,18,0,30,72,0
1359,1359.0,489,323079.0,641.0297619047619,0.21231688536076995,74,38,19,19,72,36,0,36,0,3,72,18,0,30,72,0
1360,1360.0,488,323543.0,641.9503968253969,0.2329394987782312,74,38,19,19,72,36,0,36,1,1,72,18,0,30,72,0
1361,1361.0,487,324027.0,642.9107142857143,0.23003672268326344,74,38,19,19,72,36,0,36,1,0,72,18,0,30,72,0
1362,1362.0,486,324511.0,643.8710317460317,0.24057506605850662,74,38,19,19,72,36,0,36,0,0,72,18,0,30,72,0
1363,1363.0,486,324997.0,642.2865612648221,0.28386166763500287,74,38,19,19,72,36,0,36,0,0,72,18,0,30,72,0
1364,1364.0,488,325485.0,643.2509881422925,0.24539521566640807,74,38,19,19,72,36,0,36,0,0,72,18,0,32,72,0
1365,1365.0,490,325975.0,644.2193675889328,0.2089383952615052,74,38,20,19,72,36,0,36,0,0,72,18,0,33,72,0
1366,1366.0,491,326466.0,645.1897233201581,0.18631081447512696,74,38,20,19,72,36,0,36,0,1,72,18,0,33,72,0
1367,1367.0,494,326960.0,646.1660079051384,0.17414604732096456,74,38,20,19,72,36,0,36,0,2,72,18,0,35,72,0
1368,1368.0,494,327259.0,646.7569169960474,0.17426866842172672,74,38,18,19,72,36,0,36,0,3,72,18,0,36,72,0
1369,1369.0,493,327563.0,644.8090551181102,0.24614547590454114,74,38,16,19,72,36,0,36,0,4,72,18,0,36,72,0
1370,1370.0,493,327894.0,645.4606299212599,0.2506647938338191,74,38,14,19,72,36,0,36,0,6,72,18,0,36,72,0
1371,1371.0,492,328242.0,646.1456692913385,0.26895926118331215,74,38,12,19,72,36,0,36,0,7,72,18,0,36,72,0
1372,1372.0,490,328601.0,646.8523622047244,0.2898953217007746,74,38,10,19,72,36,0,36,0,7,72,18,0,36,72,0
1373,1373.0,488,328974.0,647.5866141732283,0.32409328362010376,74,38,8,19,72,36,0,36,0,7,72,18,0,36,72,0
1374,1374.0,487,329378.0,648.3818897637796,0.3530524898736247,74,38,7,19,72,36,0,36,0,7,72,18,0,36,72,0
1375,1375.0,486,329796.0,646.6588235294117,0.42300464847147934,74,38,5,19,72,36,0,36,0,8,72,18,0,36,72,0
1376,1376.0,484,330228.0,647.5058823529412,0.42106750457038994,74,38,3,19,72,36,0,36,0,8,72,18,0,36,72,0
1377,1377.0,482,330679.0,648.3901960784314,0.4128990555125725,74,38,1,19,72,36,0,36,0,8,72,18,0,36,72,0
1378,1378.0,483,331158.0,649.3294117647059,0.4038137187425133,74,38,2,19,72,36,0,36,0,8,72,18,0,36,72,0
1379,1379.0,484,331642.0,650.278431372549,0.39140789953881483,74,38,3,19,72,36,0,36,0,8,72,18,0,36,72,0
1380,1380.0,486,332128.0,651.2313725490196,0.36137457708937354,74,38,4,19,72,36,0,36,0,9,72,18,0,36,72,0
1381,1381.0,487,332615.0,649.638671875,0.375325757725804,74,38,5,19,72,36,0,36,0,9,72,18,0,36,72,0
1382,1382.0,488,333103.0,650.591796875,0.3281235425826218,74,38,6,19,72,36,0,36,0,9,72,18,0,36,72,0
1383,1383.0,488,333480.0,651.328125,0.2919748760126048,74,38,8,19,72,36,0,36,0,9,72,18,0,34,72,0
1384,1384.0,486,333858.0,652.06640625,0.2607782510029008,74,38,8,19,72,36,0,36,0,9,72,18,0,32,72,0
1385,1385.0,488,334240.0,652.8125,0.23316098589284184,74,38,10,19,72,36,2,36,0,9,72,18,0,30,72,0
1386,1386.0,485,334619.0,653.552734375,0.22383256627501208,74,38,11,19,72,36,0,36,0,9,72,18,0,28,72,0
1387,1387.0,484,335000.0,651.7509727626459,0.2914248906015329,74,38,12,19,72,36,0,36,0,9,72,18,0,26,72,0
1388,1388.0,485,335382.0,652.4941634241245,0.3243922441426033,74,38,14,19,72,36,0,36,0,10,72,18,0,24,72,0
1389,1389.0,484,335765.0,653.2392996108949,0.3711272704404938,74,38,15,19,72,36,0,36,0,10,72,18,0,22,72,0
1390,1390.0,483,336147.0,653.9824902723735,0.4163826801016174,74,38,15,19,72,36,0,36,0,10,72,18,1,20,72,0
1391,1391.0,483,336529.0,654.7256809338521,0.42468142205818377,74,38,17,19,72,36,0,36,0,10,72,18,1,18,72,0
1392,1392.0,484,336915.0,655.476653696498,0.40434287358111626,74,38,18,19,72,36,0,36,0,11,72,18,1,17,72,0
1393,1393.0,485,337400.0,653.8759689922481,0.4130433630527573,74,38,18,19,72,36,0,36,0,11,72,18,1,18,72,0
1394,1394.0,484,337786.0,654.6240310077519,0.38347469511118626,74,38,18,19,72,36,0,36,0,11,72,18,1,17,72,0
1395,1395.0,481,338130.0,655.2906976744187,0.3682588234923382,74,38,16,20,72,36,0,36,0,11,72,18,0,16,72,0
1396,1396.0,481,338481.0,655.9709302325581,0.37655042801194794,74,38,14,22,72,36,0,36,0,11,72,18,0,16,72,0
1397,1397.0,477,338831.0,656.6492248062016,0.3900392398005976,74,38,12,22,72,36,0,36,0,11,72,18,0,14,72,0
1398,1398.0,477,339184.0,657.3333333333334,0.4159439496375499,74,38,10,24,72,36,0,36,0,11,72,18,0,14,72,0
1399,1399.0,475,339561.0,655.523166023166,0.5061665858036352,74,38,8,25,72,36,0,36,0,11,72,18,0,13,72,0
1400,1400.0,475,340009.0,658.9321705426356,0.4965374305693452,74,38,6,25,72,36,0,36,0,11,72,18,0,15,72,0
1401,1401.0,473,340386.0,660.9436893203883,0.5190522651837087,74,38,4,25,72,36,0,36,0,12,72,18,0,14,72,0
1402,1402.0,469,340761.0,661.6718446601942,0.5526659475510528,74,38,2,25,72,36,0,36,0,12,72,18,0,12,72,0
1403,1403.0,469,341207.0,663.8268482490272,0.5407430351170865,74,38,0,25,72,36,0,36,0,12,72,18,0,14,72,0
1404,1404.0,472,341679.0,666.0409356725146,0.4922113112872717,74,38,0,25,72,36,0,36,0,13,72,18,0,16,72,0
1405,1405.0,473,342152.0,665.6653696498055,0.4805716197080789,74,38,0,25,72,36,0,36,0,13,72,18,0,17,72,0
1406,1406.0,475,342627.0,666.5894941634241,0.44863485229182337,74,38,2,25,72,36,0,36,0,13,72,18,0,17,72,0
1407,1407.0,478,343105.0,667.5194552529183,0.40966915559510836,74,38,3,25,72,36,0,36,0,13,72,18,0,19,72,0
1408,1408.0,479,343584.0,668.4513618677042,0.3835281030088633,74,38,4,25,72,36,0,36,0,13,72,18,0,19,72,0
1409,1409.0,483,344067.0,669.3910505836576,0.37536725497439616,74,38,6,25,72,36,0,36,0,13,72,18,0,21,72,0
1410,1410.0,487,344554.0,670.3385214007782,0.35084485286095,74,38,8,25,72,36,0,36,0,14,72,18,0,22,72,0
1411,1411.0,491,345045.0,668.6918604651163,0.3882416542184998,74,38,9,25,72,36,0,36,0,14,72,18,0,25,72,0
1412,1412.0,492,345537.0,669.6453488372093,0.35844266983534284,74,38,9,25,72,36,0,36,0,14,72,18,0,26,72,0
1413,1413.0,494,346031.0,670.6027131782946,0.32820866130356474,74,38,10,25,72,36,0,36,0,14,72,18,0,27,72,0
1414,1414.0,496,346526.0,671.562015503876,0.3074367776062842,74,38,12,25,72,36,0,36,0,14,72,18,0,27,72,0
1415,1415.0,500,347026.0,672.531007751938,0.292186352295778,74,38,14,25,72,36,0,36,0,14,72,18,0,29,72,0
1416,1416.0,503,347529.0,673.5058139534884,0.2879689830647379,74,38,15,25,72,36,0,36,0,15,72,18,0,30,72,0
1417,1417.0,504,348033.0,671.8783783783783,0.3251969068649965,74,38,16,25,72,36,0,36,0,15,72,18,0,30,72,0
1418,1418.0,504,348537.0,674.1528046421663,0.2782858160667262,74,38,16,25,72,36,0,36,0,15,72,18,0,30,72,0
1419,1419.0,505,349042.0,675.1295938104449,0.26731455136012333,74,38,17,25,72,36,0,36,0,15,72,18,0,30,72,0
1420,1420.0,506,349548.0,677.4186046511628,0.22447858857072792,74,38,17,25,72,36,0,36,0,15,72,18,1,30,72,0
1421,1421.0,506,350054.0,679.716504854369,0.190803944030333,74,38,17,25,72,36,0,36,0,15,72,18,1,30,72,0
1422,1422.0,507,350561.0,680.7009708737864,0.19029353097269558,74,38,17,25,72,36,0,36,0,16,72,18,1,30,72,0
1423,1423.0,507,351068.0,680.3643410852713,0.19618936252121966,74,38,17,25,72,36,0,36,0,16,72,18,1,30,72,0
1424,1424.0,508,351576.0,682.6718446601942,0.15736384807120424,74,38,17,25,72,36,0,36,0,16,72,18,2,30,72,0
1425,1425.0,506,352017.0,683.5281553398058,0.15892407303457995,74,38,17,25,72,36,0,36,0,16,72,18,2,28,72,0
1426,1426.0,505,352459.0,685.7178988326848,0.1491965426409102,74,38,17,25,72,36,0,36,0,17,72,18,2,26,72,0
1427,1427.0,503,352900.0,686.5758754863813,0.17161217712557914,74,38,17,25,72,36,0,36,0,17,72,18,2,24,72,0
1428,1428.0,499,353327.0,687.4066147859922,0.20960718302392725,74,38,17,25,72,36,0,36,0,17,72,18,0,22,72,0
1429,1429.0,497,353765.0,685.5910852713179,0.2913471908200218,74,38,17,25,72,36,0,36,0,17,72,18,0,20,72,0
1430,1430.0,495,354202.0,686.437984496124,0.32227330783823094,74,38,17,25,72,36,0,36,0,17,72,18,0,18,72,0
1431,1431.0,493,354639.0,687.2848837209302,0.3450212099952408,74,38,17,25,72,36,0,36,0,17,72,18,0,16,72,0
1432,1432.0,492,355076.0,688.1317829457364,0.3611543588733864,74,38,17,25,72,36,0,36,0,18,72,18,0,14,72,0
1433,1433.0,491,355512.0,688.9767441860465,0.3629594539382683,74,38,17,26,72,36,0,36,0,18,72,18,0,12,72,0
1434,1434.0,487,355812.0,689.5581395348837,0.36648874952611843,74,38,17,26,72,36,0,36,0,16,72,18,0,10,72,0
1435,1435.0,483,356112.0,687.4749034749035,0.4182665809713544,74,38,17,26,72,36,0,36,0,14,72,18,0,8,72,0
1436,1436.0,480,356409.0,688.0482625482625,0.41354770024842546,74,38,17,27,72,36,0,36,0,12,72,18,0,6,72,0
1437,1437.0,476,356644.0,688.5019305019305,0.434055576273679,74,38,15,29,72,36,0,36,0,10,72,18,0,4,72,0
1438,1438.0,474,356949.0,689.0907335907336,0.4373890355069995,74,38,13,30,72,36,0,36,0,9,72,18,0,4,72,0
1439,1439.0,469,357225.0,689.6235521235521,0.43771154518841754,74,38,11,31,72,36,0,36,0,7,72,18,0,2,72,0
1440,1440.0,467,357517.0,690.1872586872587,0.444753423836691,74,38,10,33,72,36,0,36,0,5,72,18,0,1,72,0
1441,1441.0,465,357879.0,688.2288461538461,0.49519909900628467,74,38,9,33,72,36,0,36,0,3,72,18,0,2,72,0
1442,1442.0,464,358261.0,688.9634615384615,0.4966700287586249,74,38,7,35,72,36,0,36,0,1,72,18,0,3,72,0
1443,1443.0,464,358664.0,689.7384615384616,0.511120746180349,74,38,7,35,72,36,0,36,0,0,72,18,0,4,72,0
1444,1444.0,465,359102.0,690.5807692307692,0.5261412499825667,74,38,6,36,72,36,0,36,0,0,72,18,0,5,72,0
1445,1445.0,466,359535.0,691.4134615384615,0.5148715645298443,74,38,4,36,72,36,0,36,0,2,72,18,0,6,72,0
1446,1446.0,467,359972.0,692.2538461538461,0.4933124124224852,74,38,3,36,72,36,0,36,0,3,72,18,0,7,72,0
1447,1447.0,467,360430.0,690.4789272030652,0.5196666778863511,74,38,1,36,72,36,0,36,0,4,72,18,0,8,72,0
1448,1448.0,472,360897.0,691.3735632183908,0.48005821268884935,74,38,2,36,72,36,0,36,0,6,72,18,1,9,72,0
1449,1449.0,475,361372.0,692.2835249042146,0.44841927237920554,74,38,2,36,72,36,0,36,0,8,72,18,1,10,72,0
1450,1450.0,480,361852.0,693.2030651340996,0.3889733602587842,74,38,4,36,72,36,0,36,1,8,72,18,1,12,72,0
1451,1451.0,485,362337.0,694.1321839080459,0.31935330955199576,74,38,5,36,72,36,0,36,1,10,72,18,1,14,72,0
1452,1452.0,485,362817.0,695.051724137931,0.2656813635564794,74,38,6,36,72,36,0,36,1,10,72,18,0,14,72,0
1453,1453.0,492,363309.0,693.337786259542,0.28614369945327445,74,38,8,36,72,36,0,36,1,12,72,18,0,17,72,0
1454,1454.0,494,363802.0,694.2786259541984,0.2737826563344041,74,38,9,36,72,36,0,36,1,13,72,18,0,17,72,0
1455,1455.0,499,364296.0,695.2213740458016,0.26884900361955055,74,38,10,36,72,36,0,36,0,15,72,18,0,20,72,0
1456,1456.0,502,364797.0,696.1774809160305,0.2753218667121572,74,38,12,36,72,36,0,36,0,15,72,18,0,21,72,0
1457,1457.0,503,365299.0,697.1354961832061,0.2919364247313631,74,38,12,36,72,36,0,36,0,15,72,18,0,22,72,0
1458,1458.0,505,365803.0,698.0973282442748,0.3003394214821644,74,38,14,36,72,36,0,36,0,15,72,18,0,22,72,0
1459,1459.0,509,366312.0,696.4106463878327,0.3377894339475375,74,38,15,36,72,36,0,36,0,16,72,18,0,24,72,0
1460,1460.0,511,366823.0,697.3821292775665,0.3251868824896075,74,38,16,36,72,36,0,36,0,16,72,18,0,25,72,0
1461,1461.0,511,367334.0,698.3536121673004,0.31116123280608515,74,38,16,36,72,36,0,36,0,16,72,18,0,25,72,0
1462,1462.0,512,367846.0,699.3269961977186,0.3135775542304751,74,38,17,36,72,36,0,36,0,16,72,18,0,25,72,0
1463,1463.0,512,368358.0,701.6342857142857,0.2791835029452653,74,38,17,36,72,36,0,36,0,16,72,18,0,25,72,0
1464,1464.0,514,368872.0,703.9541984732824,0.2555533151079337,74,38,18,36,72,36,0,36,0,17,72,18,0,25,72,0
1465,1465.0,514,369386.0,703.592380952381,0.2793296748845105,74,38,18,36,72,36,0,36,0,17,72,18,0,25,72,0
1466,1466.0,514,369900.0,705.9160305343512,0.2472681687895763,74,38,18,36,72,36,0,36,0,17,72,18,0,25,72,0
1467,1467.0,512,370374.0,708.1720841300191,0.22663585038905698,74,38,16,36,72,36,0,36,0,17,72,18,0,25,72,0
1468,1468.0,511,370849.0,710.4386973180077,0.2082412766626313,74,38,14,36,72,36,0,36,0,18,72,18,0,25,72,0
1469,1469.0,509,371323.0,711.3467432950191,0.23016236094371523,74,38,12,36,72,36,0,36,0,18,72,18,0,25,72,0
1470,1470.0,507,371796.0,712.2528735632184,0.23951785701712566,74,38,10,36,72,36,0,36,0,18,72,18,0,25,72,0
1471,1471.0,505,372268.0,710.4351145038167,0.309539779789745,74,38,8,36,72,36,0,36,0,18,72,18,0,25,72,0
1472,1472.0,503,372739.0,711.3339694656488,0.3347736311249444,74,38,6,36,72,36,0,36,0,18,72,18,0,25,72,0
1473,1473.0,501,373210.0,712.2328244274809,0.3696609909556803,74,38,4,36,72,36,0,36,0,18,72,18,0,25,72,0
1474,1474.0,500,373681.0,713.1316793893129,0.3905182007684869,74,38,2,36,72,36,0,36,0,19,72,18,0,25,72,0
1475,1475.0,498,374155.0,714.0362595419847,0.3883376314791113,74,38,0,36,72,36,0,36,0,19,72,18,0,25,72,0
1476,1476.0,498,374653.0,714.986641221374,0.37954455233583617,74,38,0,36,72,36,0,36,0,19,72,18,0,25,72,0
1477,1477.0,500,375153.0,713.2186311787073,0.40912014351458675,74,38,2,36,72,36,0,36,0,19,72,18,0,25,72,0
1478,1478.0,502,375655.0,714.1730038022814,0.37605024865729575,74,38,4,36,72,36,0,36,0,19,72,18,0,25,72,0
1479,1479.0,502,376157.0,715.1273764258555,0.3570028412238877,74,38,4,36,72,36,0,36,0,19,72,18,0,25,72,0
1480,1480.0,503,376660.0,716.0836501901141,0.3465507224219972,74,38,5,36,72,36,0,36,0,19,72,18,0,25,72,0
1481,1481.0,505,377165.0,717.0437262357415,0.3245177538364068,74,38,7,36,72,36,0,36,0,19,72,18,0,25,72,0
1482,1482.0,507,377672.0,718.0076045627377,0.30624414911300407,74,38,8,36,72,36,0,36,0,20,72,18,0,25,72,0
1483,1483.0,509,378181.0,716.251893939394,0.3296806819698263,74,38,10,36,72,36,0,36,0,20,72,18,0,25,72,0
1484,1484.0,511,378692.0,717.219696969697,0.28785721717633916,74,38,12,36,72,36,0,36,0,20,72,18,0,25,72,0
1485,1485.0,512,379204.0,718.189393939394,0.258367059512671,74,38,13,36,72,36,0,36,0,20,72,18,0,25,72,0
1486,1486.0,514,379718.0,719.1628787878788,0.22099410780363032,74,38,14,36,72,36,0,36,0,21,72,18,0,25,72,0
1487,1487.0,517,380235.0,720.1420454545455,0.19386712694873479,74,38,16,36,72,36,1,36,0,21,72,18,0,25,72,0
1488,1488.0,520,380755.0,721.126893939394,0.18713697268412574,74,38,16,36,72,36,2,36,0,21,72,18,2,25,72,0
1489,1489.0,520,381275.0,719.3867924528302,0.2299301895969587,74,38,16,36,72,36,2,36,0,21,72,18,2,25,72,0
1490,1490.0,521,381796.0,720.3698113207547,0.21293561063866026,74,38,16,36,72,36,2,36,0,22,72,18,2,25,72,0
1491,1491.0,519,382309.0,721.3377358490566,0.21514448956285467,74,38,16,36,72,36,2,36,0,22,72,18,0,25,72,0
1492,1492.0,519,382828.0,725.0530303030303,0.16806606797365115,74,38,16,36,72,36,2,36,0,22,72,18,0,25,72,0
1493,1493.0,519,383347.0,726.0359848484849,0.17607348965286004,74,38,16,36,72,36,2,36,0,22,72,18,0,25,72,0
1494,1494.0,519,383866.0,728.3984819734345,0.14641933343875405,74,38,16,36,72,36,2,36,0,22,72,18,0,25,72,0
1495,1495.0,519,384385.0,726.625708884688,0.1949814527825634,74,38,16,36,72,36,2,36,0,22,72,18,0,25,72,0
1496,1496.0,519,384904.0,728.9848484848485,0.1616597336435119,74,38,16,36,72,36,2,36,0,22,72,18,0,25,72,0
1497,1497.0,521,385425.0,729.9715909090909,0.16963553899365116,74,38,16,36,72,36,2,36,1,23,72,18,0,25,72,0
1498,1498.0,521,385946.0,730.9583333333334,0.1712310005787629,74,38,16,36,72,36,2,36,1,23,72,18,0,25,72,0
1499,1499.0,521,386467.0,731.9450757575758,0.15735027193430154,74,38,16,36,72,36,2,36,1,23,72,18,0,25,72,0
1500,1500.0,521,386988.0,732.9318181818181,0.11473704425961329,74,38,16,36,72,36,2,36,1,23,72,18,0,25,72,0
1501,1501.0,521,387509.0,731.1490566037736,0.12969089510212345,74,38,16,36,72,36,2,36,1,23,72,18,0,25,72,0
1502,1502.0,521,388030.0,732.1320754716982,0.11036486431443292,74,38,16,36,72,36,2,36,1,23,72,18,0,25,72,0
1503,1503.0,524,388554.0,733.1207547169811,0.10122473437726902,74,38,18,36,72,36,2,36,2,23,72,18,0,25,72,0
1504,1504.0,525,389079.0,734.111320754717,0.09474893713633933,74,38,18,36,72,36,2,36,2,24,72,18,0,25,72,0
1505,1505.0,526,389605.0,735.1037735849056,0.07699597784397613,74,38,19,36,72,36,2,36,2,24,72,18,0,25,72,0
1506,1506.0,526,390131.0,736.0962264150943,0.06305141054434414,74,38,19,36,72,36,2,36,2,24,72,18,0,25,72,0
1507,1507.0,526,390657.0,734.3176691729324,0.10933278393632598,74,38,19,36,72,36,2,36,2,24,72,18,0,25,72,0
1508,1508.0,528,391185.0,735.3101503759399,0.09946933267644924,74,38,19,36,72,36,2,36,3,25,72,18,0,25,72,0
1509,1509.0,524,391627.0,736.140977443609,0.10837151316174684,74,38,17,36,72,36,2,36,1,25,72,18,0,25,72,0
1510,1510.0,521,392082.0,736.9962406015038,0.1139054363686118,74,38,15,36,72,36,2,36,0,25,72,18,0,25,72,0
1511,1511.0,520,392541.0,737.859022556391,0.13327894584087727,74,38,14,36,72,36,2,36,0,25,72,18,0,25,72,0
1512,1512.0,518,392998.0,738.718045112782,0.15771902412562575,74,38,12,36,72,36,2,36,0,25,72,18,0,25,72,0
1513,1513.0,517,393455.0,736.8071161048689,0.23536960501119636,74,38,10,36,72,36,2,36,0,26,72,18,0,25,72,0
1514,1514.0,515,393910.0,737.6591760299625,0.27971604940388156,74,38,8,36,72,36,2,36,0,26,72,18,0,25,72,0
1515,1515.0,513,394364.0,738.5093632958801,0.3273579890286034,74,38,6,36,72,36,2,36,0,26,72,18,0,25,72,0
1516,1516.0,511,394817.0,739.3576779026217,0.3621783015221341,74,38,4,36,72,36,2,36,0,26,72,18,0,25,72,0
1517,1517.0,509,395298.0,740.2584269662922,0.3661596060701191,74,38,2,36,72,36,2,36,0,26,72,18,0,25,72,0
1518,1518.0,508,395793.0,741.185393258427,0.3635318513114334,74,38,1,36,72,36,2,36,0,26,72,18,0,25,72,0
1519,1519.0,507,396292.0,739.3507462686567,0.4171304575920579,74,38,0,36,72,36,2,36,0,26,72,18,0,25,72,0
1520,1520.0,509,396801.0,740.3003731343283,0.40842210009264984,74,38,2,36,72,36,2,36,0,26,72,18,0,25,72,0
1521,1521.0,509,397243.0,741.125,0.3999052854550923,74,38,3,36,72,36,0,36,0,27,72,18,0,25,72,0
1522,1522.0,510,397753.0,742.0764925373135,0.3681691100297847,74,38,4,36,72,36,0,36,0,27,72,18,0,25,72,0
1523,1523.0,511,398264.0,743.0298507462686,0.30376014018898095,74,38,5,36,72,36,0,36,0,27,72,18,0,25,72,0
1524,1524.0,513,398777.0,743.9869402985074,0.25003058507276243,74,38,7,36,72,36,0,36,0,27,72,18,0,25,72,0
1525,1525.0,515,399292.0,742.1784386617101,0.26536845779279417,74,38,9,36,72,36,0,36,0,27,72,18,0,25,72,0
1526,1526.0,517,399809.0,743.139405204461,0.2511571531751508,74,38,10,36,72,36,0,36,0,27,72,18,1,25,72,0
1527,1527.0,518,400326.0,744.1003717472119,0.26729195499340164,74,38,11,36,72,36,0,36,0,28,72,18,0,25,72,0
1528,1528.0,519,400845.0,745.0650557620818,0.2876696861404987,74,38,12,36,72,36,0,36,0,28,72,18,0,25,72,0
1529,1529.0,520,401365.0,746.0315985130112,0.2842191057745146,74,38,13,36,72,36,0,36,0,28,72,18,0,25,72,0
1530,1530.0,519,401714.0,746.6802973977696,0.3001224856901715,74,38,14,36,72,36,0,36,0,26,72,18,0,25,72,0
1531,1531.0,518,402063.0,744.5611111111111,0.3729112629179222,74,38,14,36,72,36,1,36,0,24,72,18,0,25,72,0
1532,1532.0,518,402413.0,745.2092592592593,0.40226604910566766,74,38,14,36,72,36,2,36,0,23,72,18,0,25,72,0
1533,1533.0,516,402761.0,745.8537037037037,0.4306355584546318,74,38,14,36,72,36,2,36,0,21,72,18,0,25,72,0
1534,1534.0,514,403109.0,747.8831168831168,0.4290372536006411,74,38,14,36,72,36,2,36,0,19,72,18,0,25,72,0
1535,1535.0,512,403457.0,749.9200743494424,0.43213885716533,74,38,14,36,72,36,2,36,0,17,72,18,0,25,72,0
1536,1536.0,510,403804.0,750.5650557620818,0.43764806027910097,74,38,14,36,72,36,2,36,0,15,72,18,0,25,72,0
1537,1537.0,508,404152.0,751.2118959107806,0.4322794270506503,74,38,14,36,72,36,2,36,0,13,72,18,0,25,72,0
1538,1538.0,507,404515.0,751.8866171003717,0.39948864012779706,74,38,14,36,72,36,2,36,0,12,72,18,0,25,72,0
1539,1539.0,506,404899.0,755.4085820895523,0.2886940963291662,74,38,15,36,72,36,2,36,0,10,72,18,0,25,72,0
1540,1540.0,509,405408.0,756.3582089552239,0.23468631100688836,74,38,16,36,72,36,2,36,0,11,72,18,0,26,72,0
1541,1541.0,508,405810.0,757.1082089552239,0.19199389229966002,74,38,16,36,72,36,2,36,0,9,72,18,0,27,72,0
1542,1542.0,511,406238.0,757.9067164179105,0.1767731422397634,74,38,18,36,72,36,2,36,0,9,72,18,0,28,72,0
1543,1543.0,511,406684.0,755.9182156133829,0.222975234799254,74,38,18,36,72,36,2,36,0,8,72,18,0,29,72,0
1544,1544.0,513,407157.0,756.7973977695167,0.21482801829707698,74,38,19,36,72,36,2,36,0,8,72,18,0,30,72,0
1545,1545.0,512,407599.0,757.6189591078067,0.22021429277151727,74,38,18,36,72,36,2,36,0,7,72,18,0,31,72,0
1546,1546.0,511,408061.0,758.4776951672862,0.22679871568233043,74,38,16,36,72,36,2,36,0,8,72,18,0,31,72,0
1547,1547.0,510,408521.0,759.3327137546469,0.229506814311141,74,38,14,36,72,36,2,36,0,9,72,18,0,31,72,0
1548,1548.0,509,408983.0,760.1914498141264,0.24133898695900524,74,38,12,36,72,36,2,36,0,10,72,18,0,31,72,0
1549,1549.0,509,409445.0,758.2314814814815,0.3142576002030983,74,38,10,36,72,36,2,36,0,12,72,18,0,31,72,0
1550,1550.0,508,409908.0,759.0888888888888,0.3360002330626661,74,38,8,36,72,36,2,36,0,13,72,18,0,31,72,0
1551,1551.0,507,410333.0,759.8759259259259,0.35839847456741863,74,38,6,36,72,36,0,36,0,16,72,18,0,31,72,0
1552,1552.0,507,410815.0,760.7685185185185,0.3761384818401227,74,38,5,36,72,36,0,36,0,17,72,18,0,31,72,0
1553,1553.0,504,411295.0,761.6574074074074,0.3707087339172412,74,38,3,36,72,36,0,36,0,16,72,18,0,31,72,0
1554,1554.0,505,411781.0,762.5574074074074,0.3529137747233001,74,38,2,36,72,36,0,36,0,18,72,18,0,31,72,0
1555,1555.0,506,412284.0,760.6715867158672,0.37598712277429386,74,38,1,36,72,36,0,36,0,20,72,18,0,31,72,0
1556,1556.0,508,412792.0,761.6088560885609,0.3621744843932811,74,38,2,36,72,36,0,36,0,21,72,18,0,31,72,0
1557,1557.0,511,413303.0,762.5516605166051,0.3502346280204416,74,38,3,36,72,36,0,36,0,23,72,18,0,31,72,0
1558,1558.0,514,413817.0,763.5,0.3320537403054106,74,38,4,36,72,36,0,36,1,24,72,18,0,31,72,0
1559,1559.0,515,414332.0,764.450184501845,0.307631026225787,74,38,4,36,72,36,0,36,1,25,72,18,0,31,72,0
1560,1560.0,517,414849.0,765.4040590405904,0.2898024593184248,74,38,5,36,72,36,0,36,1,26,72,18,0,31,72,0
1561,1561.0,519,415368.0,763.5441176470588,0.31927150951097927,74,38,6,36,72,36,0,36,1,27,72,18,0,31,72,0
1562,1562.0,522,415890.0,764.5036764705883,0.30819426823253987,74,38,8,36,72,36,0,36,2,27,72,18,0,31,72,0
1563,1563.0,522,416406.0,765.4522058823529,0.296808954536213,74,38,9,36,72,36,0,36,0,28,72,18,0,31,72,0
1564,1564.0,524,416930.0,767.8268876611418,0.26379691420982015,74,38,11,36,72,36,0,36,0,28,72,18,0,31,72,0
1565,1565.0,524,417454.0,768.791896869245,0.24877131392631427,74,38,11,36,72,36,0,36,0,28,72,18,0,31,72,0
1566,1566.0,526,417980.0,769.7605893186004,0.23922379122896237,74,38,13,36,72,36,0,36,0,28,72,18,0,31,72,0
1567,1567.0,528,418508.0,767.9045871559633,0.28405026512917053,74,38,15,36,72,36,0,36,0,28,72,18,0,31,72,0
1568,1568.0,529,419037.0,770.2886029411765,0.26565720219594224,74,38,16,36,72,36,0,36,0,28,72,18,0,31,72,0
1569,1569.0,529,419538.0,771.2095588235294,0.2742060557365627,74,38,15,36,72,36,0,36,0,29,72,18,0,31,72,0
1570,1570.0,527,420040.0,773.5543278084715,0.2663708394861754,74,38,13,36,72,36,0,36,0,29,72,18,0,31,72,0
1571,1571.0,526,420545.0,774.4843462246777,0.2802544487014822,74,38,12,36,72,36,0,36,0,29,72,18,0,31,72,0
1572,1572.0,524,421049.0,775.4125230202578,0.29679037615599557,74,38,10,36,72,36,0,36,0,29,72,18,0,31,72,0
1573,1573.0,522,421552.0,776.3388581952117,0.3304956795524913,74,38,8,36,72,36,0,36,0,29,72,18,0,31,72,0
1574,1574.0,521,422055.0,777.2651933701658,0.35907186297185356,74,38,6,36,72,36,0,36,0,30,72,18,0,31,72,0
1575,1575.0,519,422557.0,781.0665434380776,0.3379775240013053,74,38,4,36,72,36,0,36,0,30,72,18,0,31,72,0
1576,1576.0,517,423057.0,783.4388888888889,0.32915311130195896,74,38,2,36,72,36,0,36,0,30,72,18,0,31,72,0
1577,1577.0,516,423565.0,784.3796296296297,0.3142184314535833,74,38,1,36,72,36,0,36,0,30,72,18,0,31,72,0
1578,1578.0,515,424073.0,785.3203703703704,0.3021146582933084,74,38,0,36,72,36,0,36,0,30,72,18,0,31,72,0
1579,1579.0,518,424591.0,783.3782287822878,0.3375793352844384,74,38,1,36,72,36,0,36,0,31,72,18,1,31,72,0
1580,1580.0,518,425109.0,784.3339483394834,0.3240348603224352,74,38,1,36,72,36,0,36,0,31,72,18,1,31,72,0
1581,1581.0,518,425625.0,785.2859778597787,0.30780862001255427,74,38,2,36,72,36,0,36,0,31,72,18,0,31,72,0
1582,1582.0,520,426145.0,786.2453874538745,0.2777585207116521,74,38,4,36,72,36,0,36,0,31,72,18,0,31,72,0
1583,1583.0,520,426665.0,787.2047970479705,0.2532397347289129,74,38,4,36,72,36,0,36,0,31,72,18,0,31,72,0
1584,1584.0,522,427187.0,788.1678966789668,0.21689324478655042,74,38,6,36,72,36,0,36,0,31,72,18,0,31,72,0
1585,1585.0,523,427710.0,786.2316176470588,0.2394863090540838,74,38,6,36,72,36,0,36,0,32,72,18,0,31,72,0
1586,1586.0,527,428237.0,787.2003676470588,0.22851687038526075,74,38,8,36,72,36,2,36,0,32,72,18,0,31,72,0
1587,1587.0,528,428765.0,788.1709558823529,0.22057393286261623,74,38,9,36,72,36,2,36,0,32,72,18,0,31,72,0
1588,1588.0,532,429297.0,789.1488970588235,0.21181733052587803,74,38,11,36,72,36,4,36,0,32,72,18,0,31,72,0
1589,1589.0,535,429832.0,790.1323529411765,0.20507450923271278,74,38,12,36,72,36,5,36,0,33,72,18,0,31,72,0
1590,1590.0,535,430367.0,791.1158088235294,0.19145849690853356,74,38,12,36,72,36,5,36,0,33,72,18,0,31,72,0
1591,1591.0,536,430903.0,789.1996336996338,0.19851889803696887,74,38,12,36,72,36,6,36,0,33,72,18,0,31,72,0
1592,1592.0,536,431439.0,790.1813186813187,0.1710453815417717,74,38,12,36,72,36,6,36,0,33,72,18,0,31,72,0
1593,1593.0,536,431975.0,791.1630036630037,0.14656529816592817,74,38,12,36,72,36,6,36,0,33,72,18,0,31,72,0
1594,1594.0,537,432512.0,792.1465201465202,0.12523096867333028,74,38,13,36,72,36,6,36,0,33,72,18,0,31,72,0
1595,1595.0,539,433051.0,793.1336996336996,0.11631623123558961,74,38,14,36,72,36,6,36,0,34,72,18,0,31,72,0
1596,1596.0,537,433568.0,794.080586080586,0.1262015989937922,74,38,14,36,72,36,4,36,0,34,72,18,0,31,72,0
1597,1597.0,537,434087.0,792.1295620437957,0.17940440626720008,74,38,16,36,72,36,2,36,0,34,72,18,0,31,72,0
1598,1598.0,535,434606.0,793.0766423357665,0.1987389517411954,74,38,16,36,72,36,0,36,0,34,72,18,0,31,72,0
1599,1599.0,535,435141.0,794.0529197080292,0.21165940876454015,74,38,16,36,72,36,0,36,0,34,72,18,0,31,72,0
1600,1600.0,535,435676.0,795.029197080292,0.2113494028562699,74,38,16,36,72,36,0,36,0,34,72,18,0,31,72,0
1601,1601.0,536,436212.0,796.007299270073,0.21974779831962152,74,38,16,36,72,36,0,36,0,35,72,18,0,31,72,0
1602,1602.0,536,436748.0,796.985401459854,0.2202173104398553,74,38,16,36,72,36,0,36,0,35,72,18,0,31,72,0
1603,1603.0,537,437285.0,795.0636363636364,0.26121626599543596,74,38,17,36,72,36,0,36,0,35,72,18,0,31,72,0
1604,1604.0,537,437822.0,796.04,0.2493262153678457,74,38,17,36,72,36,0,36,0,35,72,18,0,31,72,0
1605,1605.0,535,438307.0,796.9218181818181,0.2458056177920174,74,38,15,36,72,36,0,36,0,35,72,18,0,31,72,0
1606,1606.0,534,438793.0,797.8054545454545,0.24961483027373613,74,38,14,36,72,36,0,36,0,35,72,18,0,31,72,0
1607,1607.0,533,439280.0,798.6909090909091,0.26614548184844294,74,38,13,36,72,36,0,36,0,35,72,18,0,31,72,0
1608,1608.0,532,439768.0,799.5781818181819,0.28512401068710286,74,38,11,36,72,36,0,36,0,36,72,18,0,31,72,0
1609,1609.0,530,440255.0,797.5634057971015,0.3451361911173617,74,38,9,36,72,36,0,36,0,36,72,18,0,31,72,0
1610,1610.0,528,440740.0,801.3454545454546,0.3316762300259712,74,38,7,36,72,36,0,36,0,36,72,18,0,31,72,0
1611,1611.0,527,441250.0,803.7340619307832,0.3321180258243416,74,38,6,36,72,36,0,36,0,36,72,18,0,31,72,0
1612,1612.0,525,441743.0,806.1003649635037,0.34610780385623163,74,38,4,36,72,36,0,36,0,36,72,18,0,31,72,0
1613,1613.0,523,442240.0,808.4826325411335,0.33807710160110277,74,38,2,36,72,36,0,36,0,36,72,18,0,31,72,0
1614,1614.0,523,442756.0,809.4259597806216,0.34551771103422824,74,38,1,36,72,36,0,36,0,37,72,18,0,31,72,0
1615,1615.0,522,443269.0,808.8850364963504,0.36267576898829634,74,38,0,36,72,36,0,36,0,37,72,18,0,31,72,0
1616,1616.0,523,443792.0,809.8394160583941,0.34875594238624313,74,38,1,36,72,36,0,36,0,37,72,18,0,31,72,0
1617,1617.0,524,444316.0,810.7956204379562,0.3226800936080133,74,38,2,36,72,36,0,36,0,37,72,18,0,31,72,0
1618,1618.0,525,444841.0,811.7536496350365,0.29768921516409425,74,38,2,36,72,36,0,36,0,38,72,18,0,31,72,0
1619,1619.0,527,445368.0,812.7153284671533,0.26847612564157414,74,38,4,36,72,36,0,36,0,38,72,18,0,31,72,0
1620,1620.0,529,445897.0,813.6806569343066,0.2242814560088164,74,38,6,36,72,36,0,36,0,38,72,18,0,31,72,0
1621,1621.0,531,446428.0,813.1657559198543,0.2055162521703039,74,38,7,36,72,36,1,36,0,38,72,18,0,31,72,0
1622,1622.0,532,446960.0,814.1347905282331,0.1839522314527997,74,38,8,36,72,36,1,36,0,38,72,18,0,31,72,0
1623,1623.0,531,447489.0,815.0983606557377,0.1727019422501024,74,38,8,36,72,36,0,36,0,38,72,18,0,31,72,0
1624,1624.0,532,448021.0,816.0673952641166,0.16779888260179876,74,38,9,36,72,36,0,36,0,38,72,18,0,31,72,0
1625,1625.0,534,448555.0,817.040072859745,0.1742451627767367,74,38,11,36,72,36,0,36,0,38,72,18,0,31,72,0
1626,1626.0,536,449091.0,818.016393442623,0.18099689865277135,74,38,13,36,72,36,0,36,0,38,72,18,0,31,72,0
1627,1627.0,537,449628.0,817.5054545454545,0.20683603280018417,74,38,14,36,72,36,0,36,0,38,72,18,0,31,72,0
1628,1628.0,537,450165.0,818.4818181818182,0.21264526285263463,74,38,14,36,72,36,0,36,0,38,72,18,0,31,72,0
1629,1629.0,539,450704.0,819.4618181818182,0.2188717811994811,74,38,15,36,72,36,0,36,0,38,72,18,1,31,72,0
1630,1630.0,539,451243.0,820.4418181818182,0.21611636586170044,74,38,15,36,72,36,0,36,0,38,72,18,1,31,72,0
1631,1631.0,540,451783.0,821.4236363636363,0.2182849361054076,74,38,15,36,72,36,0,36,0,38,72,18,2,31,72,0
1632,1632.0,538,451555.0,821.0090909090909,0.21306766923562515,74,38,15,36,72,36,0,34,0,38,72,18,2,31,72,0
1633,1633.0,536,451328.0,819.1070780399274,0.24896520599776573,74,38,15,36,72,36,0,32,0,38,72,18,2,31,72,0
1634,1634.0,535,451103.0,818.6987295825771,0.26181653676093913,74,38,16,36,72,36,0,30,0,38,72,18,2,31,72,0
1635,1635.0,531,450865.0,818.2667876588022,0.29336745898706423,74,38,16,36,72,36,0,28,0,38,72,18,0,31,72,0
1636,1636.0,529,450636.0,820.8306010928961,0.2788910067694033,74,38,16,36,72,36,0,26,0,38,72,18,0,31,72,0
1637,1637.0,527,450406.0,820.4116575591985,0.3183984263546139,74,38,16,36,72,36,0,24,0,38,72,18,0,31,72,0
1638,1638.0,525,450174.0,821.485401459854,0.3374402233413618,74,38,16,36,72,36,0,22,0,38,72,18,0,31,72,0
1639,1639.0,523,449941.0,819.5646630236794,0.404809347851136,74,38,16,36,72,36,0,20,0,38,72,18,0,31,72,0
1640,1640.0,522,450085.0,822.8244972577696,0.3910777374487237,74,38,16,36,72,36,0,19,0,38,72,18,0,31,72,0
1641,1641.0,521,450227.0,823.0840950639854,0.38718228690213696,74,38,16,36,72,36,0,18,0,38,72,18,0,31,72,0
1642,1642.0,521,449990.0,824.1575091575091,0.37390648970762863,74,38,16,36,72,36,0,18,0,38,72,18,0,31,72,0
1643,1643.0,519,449754.0,823.7252747252747,0.3565101363034033,74,38,16,36,72,36,0,16,0,38,72,18,0,31,72,0
1644,1644.0,519,449519.0,823.2948717948718,0.3465316277328719,74,38,16,36,72,36,0,16,0,38,72,18,0,31,72,0
1645,1645.0,517,449284.0,822.8644688644689,0.3201500347008689,74,38,16,36,72,36,0,14,0,38,72,18,0,31,72,0
1646,1646.0,518,449425.0,824.6330275229358,0.27651396559434765,74,38,18,36,72,36,0,13,0,38,72,18,0,31,72,0
1647,1647.0,516,449127.0,824.0862385321101,0.2739051736120443,74,38,16,36,72,36,0,13,0,38,72,18,0,31,72,0
1648,1648.0,514,448831.0,825.0569852941177,0.26270437029603083,74,38,14,36,72,36,0,13,0,38,72,18,0,31,72,0
1649,1649.0,513,448911.0,826.7237569060774,0.2523023957432126,74,38,12,36,72,36,0,13,0,38,72,18,1,31,72,0
1650,1650.0,510,448612.0,827.6974169741698,0.25472356521600653,74,38,10,36,72,36,0,12,0,38,72,18,1,31,72,0
1651,1651.0,507,448689.0,827.8394833948339,0.2798834275360458,74,38,8,36,72,36,0,11,0,38,72,18,1,31,72,0
1652,1652.0,505,448385.0,827.2785977859778,0.31148163970735676,74,38,6,35,72,36,0,12,0,38,72,18,1,31,72,0
1653,1653.0,503,448066.0,826.690036900369,0.3628676943812656,74,38,5,33,72,36,0,14,0,38,72,18,0,31,72,0
1654,1654.0,500,447757.0,826.119926199262,0.40348609724517387,74,38,3,31,72,36,0,15,0,38,72,18,0,31,72,0
1655,1655.0,497,447474.0,825.5977859778598,0.43496577650957896,74,38,1,29,72,36,0,16,0,38,72,18,0,31,72,0
1656,1656.0,496,447207.0,825.1051660516605,0.4455400960456306,74,38,1,27,72,36,0,17,0,38,72,18,0,31,72,0
1657,1657.0,496,446944.0,823.1012891344383,0.4660294588919335,74,38,1,25,72,36,0,19,0,38,72,18,0,31,72,0
1658,1658.0,498,446733.0,822.7127071823204,0.46868054077684757,74,38,3,23,72,36,0,21,0,38,72,18,0,31,72,0
1659,1659.0,498,446523.0,822.3259668508288,0.4587372631766019,74,38,4,21,72,36,0,22,0,38,72,18,0,31,72,0
1660,1660.0,497,446365.0,822.0349907918969,0.4137304954371217,74,38,4,19,72,36,0,23,0,38,72,18,0,31,72,0
1661,1661.0,499,446536.0,822.3499079189687,0.3466598864082506,74,38,6,18,72,36,0,24,0,38,72,18,0,31,72,0
1662,1662.0,499,446443.0,822.1786372007366,0.307371167111478,74,38,6,16,72,36,0,26,0,38,72,18,0,31,72,0
1663,1663.0,505,446415.0,820.6158088235294,0.27427457726265997,74,38,9,16,72,36,2,27,0,38,72,18,0,31,72,0
1664,1664.0,505,446387.0,820.5643382352941,0.23850812240176833,74,38,9,15,72,36,2,28,0,38,72,18,0,31,72,0
1665,1665.0,506,446393.0,820.5753676470588,0.2164713601907451,74,38,11,13,72,36,2,29,0,38,72,18,0,31,72,0
1666,1666.0,509,446671.0,821.0863970588235,0.20907547767806195,74,38,13,13,72,36,2,30,0,38,72,18,0,31,72,0
1667,1667.0,507,446714.0,821.1654411764706,0.22044906510938864,74,38,13,11,72,36,0,32,0,38,72,18,0,31,72,0
1668,1668.0,511,446994.0,821.6801470588235,0.22836771575331025,74,38,14,13,72,36,0,33,0,38,72,18,0,31,72,0
1669,1669.0,512,447045.0,820.2660550458716,0.26870407609817776,74,38,16,11,72,36,0,34,0,38,72,18,0,31,72,0
1670,1670.0,514,447331.0,820.7908256880734,0.28999995128122574,74,38,16,12,72,36,0,35,0,38,72,18,0,31,72,0
1671,1671.0,514,447387.0,820.8935779816513,0.3067072838599983,74,38,17,10,72,36,0,36,0,38,72,18,0,31,72,0
1672,1672.0,515,447672.0,821.4165137614679,0.3197681418030509,74,38,17,11,72,36,0,36,0,38,72,18,0,31,72,0
1673,1673.0,517,448189.0,822.3651376146789,0.32696701437947706,74,38,17,13,72,36,0,36,0,38,72,18,0,31,72,0
1674,1674.0,517,448706.0,823.3137614678899,0.34301026865500805,74,38,17,13,72,36,0,36,0,38,72,18,0,31,72,0
1675,1675.0,519,449225.0,822.7564102564103,0.34833834877467784,74,38,17,15,72,36,0,36,0,38,72,18,0,31,72,0
1676,1676.0,520,449745.0,823.7087912087912,0.3263472678666026,74,38,17,16,72,36,0,36,0,38,72,18,0,31,72,0
1677,1677.0,522,450267.0,824.6648351648352,0.3141940183350858,74,38,17,18,72,36,0,36,0,38,72,18,0,31,72,0
1678,1678.0,523,450790.0,827.1376146788991,0.2686540673866911,74,38,17,19,72,36,0,36,0,38,72,18,0,31,72,0
1679,1679.0,524,451314.0,829.6213235294117,0.2332353090174599,74,38,17,20,72,36,0,36,0,38,72,18,0,31,72,0
1680,1680.0,525,451839.0,832.1160220994475,0.18714532760443273,74,38,18,20,72,36,0,36,0,38,72,18,0,31,72,0
1681,1681.0,528,452367.0,833.0883977900553,0.17684281413865788,74,38,18,23,72,36,0,36,0,38,72,18,0,31,72,0
1682,1682.0,530,452897.0,834.0644567219152,0.17402040854671655,74,38,19,24,72,36,0,36,0,38,72,18,0,31,72,0
1683,1683.0,531,453428.0,838.1293900184843,0.12308509426371828,74,38,19,25,72,36,0,36,0,38,72,18,0,31,72,0
1684,1684.0,532,453960.0,839.1127541589649,0.1186792720827413,74,38,19,26,72,36,0,36,0,38,72,18,0,31,72,0
1685,1685.0,533,454493.0,840.097966728281,0.12224537838147488,74,38,19,27,72,36,0,36,0,38,72,18,0,31,72,0
1686,1686.0,534,455027.0,841.0850277264325,0.12044136969193411,74,38,19,28,72,36,0,36,0,38,72,18,0,31,72,0
1687,1687.0,536,455563.0,840.5221402214022,0.14603428190094542,74,38,19,30,72,36,0,36,0,38,72,18,0,31,72,0
1688,1688.0,536,456099.0,841.5110701107011,0.1427477055060831,74,38,19,30,72,36,0,36,0,38,72,18,0,31,72,0
1689,1689.0,536,456635.0,842.5,0.13795878380191934,74,38,19,30,72,36,0,36,0,38,72,18,0,31,72,0
1690,1690.0,536,457171.0,843.4889298892989,0.12406085032775235,74,38,19,30,72,36,0,36,0,38,72,18,0,31,72,0
1691,1691.0,536,457707.0,844.4778597785978,0.1035487824781851,74,38,19,30,72,36,0,36,0,38,72,18,0,31,72,0
1692,1692.0,534,458171.0,845.3339483394834,0.09835471049870596,74,38,17,30,72,36,0,36,0,38,72,18,0,31,72,0
1693,1693.0,532,458634.0,844.6298342541437,0.1211373083231755,74,38,15,30,72,36,0,36,0,38,72,18,0,31,72,0
1694,1694.0,532,459100.0,845.48802946593,0.13431408309159795,74,38,15,30,72,36,0,36,0,38,72,18,0,31,72,0
1695,1695.0,530,459566.0,846.3462246777164,0.14475192104752427,74,38,13,30,72,36,0,36,0,38,72,18,0,31,72,0
1696,1696.0,529,460031.0,847.2025782688767,0.1725436069378789,74,38,12,30,72,36,0,36,0,38,72,18,0,31,72,0
1697,1697.0,527,460495.0,848.0570902394106,0.20205632333555643,74,38,10,30,72,36,0,36,0,38,72,18,0,31,72,0
1698,1698.0,525,460958.0,848.9097605893186,0.23758890079745024,74,38,8,30,72,36,0,36,0,38,72,18,0,31,72,0
1699,1699.0,524,461452.0,848.2573529411765,0.29834003446218443,74,38,7,30,72,36,0,36,0,38,72,18,0,31,72,0
1700,1700.0,522,461923.0,849.1231617647059,0.31556024338901817,74,38,5,30,72,36,0,36,0,38,72,18,0,31,72,0
1701,1701.0,520,462406.0,850.0110294117648,0.3165781276064839,74,38,3,30,72,36,0,36,0,38,72,18,0,31,72,0
1702,1702.0,519,462899.0,850.9172794117648,0.31531337521871516,74,38,2,30,72,36,0,36,0,38,72,18,0,31,72,0
1703,1703.0,519,463409.0,851.8547794117648,0.2993825395050832,74,38,2,30,72,36,0,36,0,38,72,18,0,31,72,0
1704,1704.0,519,463928.0,852.8088235294117,0.28472927654601704,74,38,2,30,72,36,0,36,0,38,72,18,0,31,72,0
1705,1705.0,521,464449.0,852.2,0.29591491423601435,74,38,4,30,72,36,0,36,0,38,72,18,0,31,72,0
1706,1706.0,522,464971.0,853.1577981651376,0.2601466831428821,74,38,5,30,72,36,0,36,0,38,72,18,0,31,72,0
1707,1707.0,525,465496.0,854.1211009174312,0.21726022976155335,74,38,7,30,72,36,1,36,0,38,72,18,0,31,72,0
1708,1708.0,526,466022.0,855.0862385321101,0.18499100855928088,74,38,7,30,72,36,2,36,0,38,72,18,0,31,72,0
1709,1709.0,527,466549.0,856.0532110091743,0.16241940453883097,74,38,8,30,72,36,2,36,0,38,72,18,0,31,72,0
1710,1710.0,528,467072.0,857.0128440366973,0.1509770122266339,74,38,10,30,72,36,1,36,0,38,72,18,0,31,72,0
1711,1711.0,528,467599.0,856.4084249084249,0.16894391369621467,74,38,11,30,72,36,0,36,0,38,72,18,0,31,72,0
1712,1712.0,529,468128.0,857.3772893772893,0.17312068857632804,74,38,12,30,72,36,0,36,0,38,72,18,0,31,72,0
1713,1713.0,531,468659.0,858.3498168498169,0.19225238092701402,74,38,14,30,72,36,0,36,0,38,72,18,0,31,72,0
1714,1714.0,532,469191.0,859.3241758241758,0.20586697219471398,74,38,15,30,72,36,0,36,0,38,72,18,0,31,72,0
1715,1715.0,533,469724.0,860.3003663003662,0.21762641552275866,74,38,16,30,72,36,0,36,0,38,72,18,0,31,72,0
1716,1716.0,534,470258.0,861.2783882783883,0.23294260700595376,74,38,17,30,72,36,0,36,0,38,72,18,0,31,72,0
1717,1717.0,534,470792.0,860.6800731261426,0.2691761142589413,74,38,17,30,72,36,0,36,0,38,72,18,0,31,72,0
1718,1718.0,534,471326.0,861.6563071297988,0.2763822630818753,74,38,17,30,72,36,0,36,0,38,72,18,0,31,72,0
1719,1719.0,534,471860.0,862.6325411334552,0.27741954158335275,74,38,17,30,72,36,0,36,0,38,72,18,0,31,72,0
1720,1720.0,535,472395.0,863.6106032906764,0.27564018601071943,74,38,18,30,72,36,0,36,0,38,72,18,0,31,72,0
1721,1721.0,535,472930.0,864.5886654478976,0.26243298376375723,74,38,18,30,72,36,0,36,0,38,72,18,0,31,72,0
1722,1722.0,536,473466.0,865.5685557586837,0.26792872911475185,74,38,19,30,72,36,0,36,0,38,72,18,0,31,72,0
1723,1723.0,536,474002.0,868.1355311355311,0.23391552643158167,74,38,19,30,72,36,0,36,0,38,72,18,0,31,72,0
1724,1724.0,536,474538.0,869.1172161172161,0.2308280746685405,74,38,19,30,72,36,0,36,0,38,72,18,0,31,72,0
1725,1725.0,536,475074.0,871.6954128440367,0.19563077224755718,74,38,19,30,72,36,0,36,0,38,72,18,0,31,72,0
1726,1726.0,536,475610.0,874.2830882352941,0.15969386526473273,74,38,19,30,72,36,0,36,0,38,72,18,0,31,72,0
1727,1727.0,536,476146.0,875.2683823529412,0.16365334550694918,74,38,19,30,72,36,0,36,0,38,72,18,0,31,72,0
1728,1728.0,534,476629.0,877.7697974217311,0.1434442965141414,74,38,17,30,72,36,0,36,0,38,72,18,0,31,72,0
1729,1729.0,533,477114.0,877.0477941176471,0.18384324049056994,74,38,16,30,72,36,0,36,0,38,72,18,0,31,72,0
1730,1730.0,531,477598.0,879.5543278084715,0.18131242090937263,74,38,14,30,72,36,0,36,0,38,72,18,0,31,72,0
1731,1731.0,529,478081.0,880.4438305709024,0.2065688424009167,74,38,12,30,72,36,0,36,0,38,72,18,0,31,72,0
1732,1732.0,527,478564.0,881.3333333333334,0.2277025747214307,74,38,10,30,72,36,0,36,0,38,72,18,0,31,72,0
1733,1733.0,525,479046.0,882.2209944751381,0.2549192382245365,74,38,8,30,72,36,0,36,0,38,72,18,0,31,72,0
1734,1734.0,523,479527.0,883.1068139963168,0.2803927073366805,74,38,6,30,72,36,0,36,0,38,72,18,0,31,72,0
1735,1735.0,522,480028.0,882.4044117647059,0.3181138375428856,74,38,5,30,72,36,0,36,0,38,72,18,0,31,72,0
1736,1736.0,521,480508.0,883.2867647058823,0.31364161895047704,74,38,3,30,72,36,0,36,0,38,72,18,1,31,72,0
1737,1737.0,520,480996.0,884.1838235294117,0.30741184915794806,74,38,2,30,72,36,0,36,0,38,72,18,1,31,72,0
1738,1738.0,519,481506.0,885.1213235294117,0.3023888618827545,74,38,1,30,72,36,0,36,0,38,72,18,1,31,72,0
1739,1739.0,520,482024.0,886.0735294117648,0.2896031597816779,74,38,2,30,72,36,0,36,0,38,72,18,1,31,72,0
1740,1740.0,521,482545.0,887.03125,0.2679705007361322,74,38,3,30,72,36,0,36,0,38,72,18,1,31,72,0
1741,1741.0,523,483068.0,886.3633027522936,0.2642051977457369,74,38,4,30,72,36,0,36,0,38,72,18,2,31,72,0
1742,1742.0,526,483594.0,887.3284403669725,0.2372992270029231,74,38,6,30,72,36,1,36,0,38,72,18,2,31,72,0
1743,1743.0,526,484120.0,888.2935779816514,0.20784189682741883,74,38,6,30,72,36,1,36,0,38,72,18,2,31,72,0
1744,1744.0,527,484647.0,889.2605504587156,0.17131074395583196,74,38,7,30,72,36,1,36,0,38,72,18,2,31,72,0
1745,1745.0,529,485176.0,890.2311926605505,0.12690051498294708,74,38,9,30,72,36,1,36,0,38,72,18,2,31,72,0
1746,1746.0,532,485708.0,891.2073394495413,0.09787615392771605,74,38,10,30,72,36,3,36,0,38,72,18,2,31,72,0
1747,1747.0,534,486242.0,890.5531135531136,0.09769632256426584,74,38,11,30,72,36,4,36,0,38,72,18,2,31,72,0
1748,1748.0,537,486779.0,891.5366300366301,0.08902365416372546,74,38,13,30,72,36,4,36,0,38,72,18,3,31,72,0
1749,1749.0,537,487295.0,892.481684981685,0.08686806475657044,74,38,14,30,72,36,5,36,0,38,72,18,1,31,72,0
1750,1750.0,538,487831.0,893.4633699633699,0.09251270388705496,74,38,15,30,72,36,6,36,0,38,72,18,0,31,72,0
1751,1751.0,539,488370.0,894.4505494505495,0.10026705529815753,74,38,16,30,72,36,6,36,0,38,72,18,0,31,72,0
1752,1752.0,539,488909.0,895.4377289377289,0.11158396823859806,74,38,16,30,72,36,6,36,0,38,72,18,0,31,72,0
1753,1753.0,539,489448.0,894.7861060329068,0.1494339180065295,74,38,16,30,72,36,6,36,0,38,72,18,0,31,72,0
1754,1754.0,539,489987.0,895.7714808043876,0.16349400938709208,74,38,16,30,72,36,6,36,0,38,72,18,0,31,72,0
1755,1755.0,539,490526.0,896.7568555758684,0.17624069519457047,74,38,16,30,72,36,6,36,0,38,72,18,0,31,72,0
1756,1756.0,539,491065.0,897.7422303473492,0.18334808719136367,74,38,16,30,72,36,6,36,0,38,72,18,0,31,72,0
1757,1757.0,539,491604.0,898.72760511883,0.17852193417086243,74,38,16,30,72,36,6,36,0,38,72,18,0,31,72,0
1758,1758.0,537,492113.0,899.6581352833638,0.16699254207870526,74,38,16,30,72,36,4,36,0,38,72,18,0,31,72,0
1759,1759.0,535,492623.0,898.9470802919708,0.173778302041884,74,38,16,30,72,36,2,36,0,38,72,18,0,31,72,0
1760,1760.0,533,493135.0,899.8813868613139,0.172323972189889,74,38,16,30,72,36,0,36,0,38,72,18,0,31,72,0
1761,1761.0,533,493668.0,900.8540145985402,0.17701396509616124,74,38,16,30,72,36,0,36,0,38,72,18,0,31,72,0
1762,1762.0,535,494203.0,901.8302919708029,0.19019307006848551,74,38,18,30,72,36,0,36,0,38,72,18,0,31,72,0
1763,1763.0,535,494738.0,902.8065693430657,0.2131165264859903,74,38,18,30,72,36,0,36,0,38,72,18,0,31,72,0
1764,1764.0,537,495275.0,903.7864963503649,0.2337926612525196,74,38,20,30,72,36,0,36,0,38,72,18,0,31,72,0
1765,1765.0,537,495812.0,903.1183970856102,0.2690100444200282,74,38,20,30,72,36,0,36,0,38,72,18,0,31,72,0
1766,1766.0,537,496349.0,904.0965391621129,0.271261905834118,74,38,20,30,72,36,0,36,0,38,72,18,0,31,72,0
1767,1767.0,537,496886.0,905.0746812386157,0.2667777812679253,74,38,20,30,72,36,0,36,0,38,72,18,0,31,72,0
1768,1768.0,537,497423.0,906.0528233151184,0.2605888474374525,74,38,20,30,72,36,0,36,0,38,72,18,0,31,72,0
1769,1769.0,538,497961.0,907.0327868852459,0.25740538510902816,74,38,21,30,72,36,0,36,0,38,72,18,0,31,72,0
1770,1770.0,536,498435.0,909.5529197080292,0.2331871319471557,74,38,19,30,72,36,0,36,0,38,72,18,0,31,72,0
1771,1771.0,534,498908.0,910.4160583941606,0.2590462237192661,74,38,17,30,72,36,0,36,0,38,72,18,0,31,72,0
1772,1772.0,532,499380.0,911.2773722627737,0.2726666187698806,74,38,15,30,72,36,0,36,0,38,72,18,0,31,72,0
1773,1773.0,530,499853.0,913.8080438756856,0.26929773228035,74,38,13,30,72,36,0,36,0,38,72,18,0,31,72,0
1774,1774.0,528,500324.0,914.6691042047532,0.3010202440517429,74,38,11,30,72,36,0,36,0,38,72,18,0,31,72,0
1775,1775.0,526,500795.0,917.2069597069597,0.29967768957869867,74,38,9,30,72,36,0,36,0,38,72,18,0,31,72,0
1776,1776.0,524,501264.0,919.7504587155963,0.2961476687173986,74,38,7,30,72,36,0,36,0,38,72,18,0,31,72,0
1777,1777.0,522,501733.0,918.9249084249084,0.3264286784016934,74,38,5,30,72,36,0,36,0,38,72,18,0,31,72,0
1778,1778.0,521,502222.0,919.8205128205128,0.32729154265979155,74,38,4,30,72,36,0,36,0,38,72,18,0,31,72,0
1779,1779.0,521,502713.0,922.4091743119266,0.3067203377825561,74,38,4,30,72,36,0,36,0,38,72,18,0,31,72,0
1780,1780.0,520,503221.0,923.3412844036698,0.30051070503671623,74,38,3,30,72,36,0,36,0,38,72,18,0,31,72,0
1781,1781.0,519,503737.0,924.2880733944954,0.28777383750473196,74,38,2,30,72,36,0,36,0,38,72,18,0,31,72,0
1782,1782.0,521,504258.0,925.2440366972477,0.2886076371414637,74,38,4,30,72,36,0,36,0,38,72,18,0,31,72,0
1783,1783.0,522,504780.0,924.5054945054945,0.3080144684947045,74,38,5,30,72,36,0,36,0,38,72,18,0,31,72,0
1784,1784.0,522,505302.0,925.4615384615385,0.3054338956040735,74,38,5,30,72,36,0,36,0,38,72,18,0,31,72,0
1785,1785.0,524,505826.0,926.4212454212454,0.2980515116651929,74,38,7,30,72,36,0,36,0,38,72,18,0,31,72,0
1786,1786.0,525,506351.0,927.3827838827839,0.2757453226929499,74,38,8,30,72,36,0,36,0,38,72,18,0,31,72,0
1787,1787.0,526,506877.0,928.3461538461538,0.2389812557981298,74,38,9,30,72,36,0,36,0,38,72,18,0,31,72,0
1788,1788.0,528,507405.0,929.3131868131868,0.19874277951774608,74,38,11,30,72,36,0,36,0,38,72,18,0,31,72,0
1789,1789.0,529,507934.0,928.581352833638,0.18536187323831443,74,38,11,30,72,36,1,36,0,38,72,18,0,31,72,0
1790,1790.0,531,508465.0,929.5521023765996,0.17279695726959085,74,38,12,30,72,36,2,36,0,38,72,18,0,31,72,0
1791,1791.0,534,508999.0,930.528336380256,0.15524948211394785,74,38,14,30,72,36,3,36,0,38,72,18,0,31,72,0
1792,1792.0,537,509536.0,931.510054844607,0.14809298534792736,74,38,17,30,72,36,3,36,0,38,72,18,0,31,72,0
1793,1793.0,538,510074.0,932.4936014625229,0.13819560550605103,74,38,17,30,72,36,4,36,0,38,72,18,0,31,72,0
1794,1794.0,538,510612.0,933.4771480804387,0.13051508289435795,74,38,17,30,72,36,4,36,0,38,72,18,0,31,72,0
1795,1795.0,540,511152.0,932.7591240875912,0.1530535523294935,74,38,19,30,72,36,4,36,0,38,72,18,0,31,72,0
1796,1796.0,540,511692.0,933.7445255474453,0.15351675375876128,74,38,19,30,72,36,4,36,0,38,72,18,0,31,72,0
1797,1797.0,539,512196.0,934.6642335766423,0.15924330231395054,74,38,18,30,72,36,4,36,0,38,72,18,0,31,72,0
1798,1798.0,537,512701.0,939.0128205128206,0.13430235713730776,74,38,16,30,72,36,4,36,0,38,72,18,0,31,72,0
1799,1799.0,535,513206.0,939.9377289377289,0.15366068703543112,74,38,14,30,72,36,4,36,0,38,72,18,0,31,72,0
1800,1800.0,533,513710.0,940.8608058608058,0.18084723913955544,74,38,12,30,72,36,4,36,0,38,72,18,0,31,72,0
1801,1801.0,531,514214.0,940.0621572212066,0.2360156910697267,74,38,10,30,72,36,4,36,0,38,72,18,0,31,72,0
1802,1802.0,529,514717.0,940.981718464351,0.2671162174894302,74,38,8,30,72,36,4,36,0,38,72,18,0,31,72,0
1803,1803.0,527,515220.0,941.9012797074954,0.29366903660365995,74,38,6,30,72,36,4,36,0,38,72,18,0,31,72,0
1804,1804.0,525,515721.0,942.81718464351,0.31482168561783425,74,38,4,30,72,36,4,36,0,38,72,18,0,31,72,0
1805,1805.0,523,516221.0,943.7312614259598,0.3215284573190652,74,38,2,30,72,36,4,36,0,38,72,18,0,31,72,0
1806,1806.0,520,516688.0,944.5850091407679,0.3279292373068691,74,38,1,30,72,36,2,36,0,38,72,18,0,31,72,0
1807,1807.0,519,517177.0,943.7536496350365,0.36379154184914747,74,38,2,30,72,36,0,36,0,38,72,18,0,31,72,0
1808,1808.0,519,517694.0,944.6970802919708,0.3613276649160713,74,38,2,30,72,36,0,36,0,38,72,18,0,31,72,0
1809,1809.0,521,518215.0,945.6478102189781,0.3535909346933647,74,38,4,30,72,36,0,36,0,38,72,18,0,31,72,0
1810,1810.0,521,518736.0,946.5985401459855,0.33231831799325645,74,38,4,30,72,36,0,36,0,38,72,18,0,31,72,0
1811,1811.0,521,519257.0,947.5492700729927,0.3278847566471271,74,38,4,30,72,36,0,36,0,38,72,18,0,31,72,0
1812,1812.0,523,519780.0,948.5036496350365,0.31831878459331503,74,38,6,30,72,36,0,36,0,38,72,18,0,31,72,0
1813,1813.0,524,520304.0,947.7304189435337,0.3505953531340424,74,38,7,30,72,36,0,36,0,38,72,18,0,31,72,0
1814,1814.0,525,520829.0,948.6867030965392,0.34555604806054085,74,38,8,30,72,36,0,36,0,38,72,18,0,31,72,0
1815,1815.0,526,521355.0,949.6448087431694,0.33263955603493217,74,38,9,30,72,36,0,36,0,38,72,18,0,31,72,0
1816,1816.0,528,521883.0,950.6065573770492,0.3101783221135904,74,38,11,30,72,36,0,36,0,38,72,18,0,31,72,0
1817,1817.0,529,522412.0,951.5701275045537,0.27770276005654604,74,38,12,30,72,36,0,36,0,38,72,18,0,31,72,0
1818,1818.0,532,522944.0,952.5391621129326,0.2610694568691359,74,38,14,30,72,36,1,36,0,38,72,18,0,31,72,0
1819,1819.0,535,523479.0,951.78,0.2761417104344576,74,38,16,30,72,36,1,36,0,38,72,18,1,31,72,0
1820,1820.0,537,524016.0,954.4918032786885,0.24489699806405277,74,38,16,30,72,36,2,36,0,38,72,18,2,31,72,0
1821,1821.0,538,524554.0,957.2153284671533,0.2168428644414837,74,38,17,30,72,36,2,36,0,38,72,18,2,31,72,0
1822,1822.0,538,525092.0,958.1970802919708,0.20952764076638564,74,38,17,30,72,36,2,36,0,38,72,18,2,31,72,0
1823,1823.0,538,525630.0,962.6923076923077,0.1592186381381745,74,38,17,30,72,36,2,36,0,38,72,18,2,31,72,0
1824,1824.0,537,525400.0,965.8088235294117,0.11921873303875646,74,38,17,30,72,36,2,36,0,38,72,18,3,29,72,0
1825,1825.0,535,525170.0,963.6146788990826,0.16739352853123599,74,38,17,30,72,36,2,36,0,38,72,18,3,27,72,0
1826,1826.0,533,524940.0,964.9632352941177,0.15008407756961523,74,38,17,30,72,36,2,36,0,38,72,18,3,25,72,0
1827,1827.0,529,524694.0,964.5110294117648,0.17684631371702195,74,38,17,30,72,36,2,36,0,38,72,18,1,23,72,0
1828,1828.0,526,524457.0,965.8508287292817,0.1933891273520472,74,38,17,30,72,36,2,36,0,38,72,18,0,21,72,0
1829,1829.0,524,524224.0,965.4217311233886,0.21742641885591266,74,38,17,30,72,36,2,36,0,38,72,18,0,19,72,0
1830,1830.0,522,523988.0,964.9871086556169,0.23507827899163466,74,38,17,30,72,36,2,36,0,38,72,18,0,17,72,0
1831,1831.0,521,524131.0,963.4761029411765,0.2712184607940845,74,38,17,30,72,36,2,36,0,38,72,18,0,16,72,0
1832,1832.0,521,524273.0,963.7371323529412,0.2679281991623936,74,38,17,31,72,36,2,36,0,38,72,18,0,15,72,0
1833,1833.0,521,524037.0,963.3033088235294,0.25570335945140243,74,38,17,32,72,36,2,36,0,38,72,18,0,14,72,0
1834,1834.0,520,523800.0,962.8676470588235,0.25218031215403364,74,38,17,33,72,36,2,36,0,38,72,18,0,12,72,0
1835,1835.0,519,523565.0,962.4356617647059,0.24887801618966995,74,38,17,34,72,36,2,36,0,38,72,18,0,10,72,0
1836,1836.0,518,523272.0,961.8970588235294,0.24353737879874976,74,38,15,35,72,36,2,36,0,38,72,18,0,10,72,0
1837,1837.0,516,523057.0,959.737614678899,0.2457166130295132,74,38,13,36,72,36,2,36,0,38,72,18,0,9,72,0
1838,1838.0,515,523224.0,960.0440366972477,0.23887454996214047,74,38,12,36,72,36,2,36,0,38,72,18,0,9,72,0
1839,1839.0,514,523389.0,960.3467889908256,0.24222067845210685,74,38,11,36,72,36,2,36,0,38,72,18,0,9,72,0
1840,1840.0,511,523258.0,960.1064220183487,0.26399653030651443,74,38,9,36,72,36,2,36,0,38,72,18,0,8,72,0
1841,1841.0,510,523423.0,960.4091743119266,0.28680586768713595,74,38,8,36,72,36,2,36,0,38,72,18,0,8,72,0
1842,1842.0,511,523886.0,961.2587155963303,0.3102830202010567,74,38,7,36,72,36,2,36,0,38,72,18,0,10,72,0
1843,1843.0,510,524348.0,960.3443223443223,0.35965079799962685,74,38,5,36,72,36,2,36,0,38,72,18,0,11,72,0
1844,1844.0,511,524853.0,961.2692307692307,0.35974173467493303,74,38,5,36,72,36,2,36,0,38,72,18,0,12,72,0
1845,1845.0,509,525283.0,962.0567765567765,0.3634378618673666,74,38,3,36,72,36,0,36,0,38,72,18,0,14,72,0
1846,1846.0,510,525786.0,962.978021978022,0.3574868355716375,74,38,3,36,72,36,0,36,0,38,72,18,0,15,72,0
1847,1847.0,509,526286.0,963.8937728937728,0.3570616754996216,74,38,1,36,72,36,0,36,0,38,72,18,0,16,72,0
1848,1848.0,512,526798.0,964.8315018315018,0.3548092694311555,74,38,2,36,72,36,0,36,0,38,72,18,0,18,72,0
1849,1849.0,515,527313.0,964.0091407678245,0.37626339997032515,74,38,4,36,72,36,0,36,0,38,72,18,0,19,72,0
1850,1850.0,518,527831.0,964.9561243144424,0.35574554295317423,74,38,5,36,72,36,0,36,0,38,72,18,0,21,72,0
1851,1851.0,520,528351.0,965.9067641681901,0.3455736501653722,74,38,6,36,72,36,0,36,0,38,72,18,0,22,72,0
1852,1852.0,523,528874.0,966.8628884826326,0.3303137283587751,74,38,7,36,72,36,0,36,0,38,72,18,0,24,72,0
1853,1853.0,525,529399.0,967.8226691042048,0.30609973054388456,74,38,9,36,72,36,0,36,0,38,72,18,0,24,72,0
1854,1854.0,525,529924.0,968.7824497257769,0.29578613988864194,74,38,9,36,72,36,0,36,0,38,72,18,0,24,72,0
1855,1855.0,527,530451.0,967.9762773722628,0.30911230541920665,74,38,10,36,72,36,0,36,0,38,72,18,0,25,72,0
1856,1856.0,528,530979.0,968.9397810218978,0.3066950459323386,74,38,11,36,72,36,0,36,0,38,72,18,0,25,72,0
1857,1857.0,529,531508.0,969.9051094890511,0.3011283730696213,74,38,12,36,72,36,0,36,0,38,72,18,0,25,72,0
1858,1858.0,531,532039.0,970.8740875912408,0.2918098564975755,74,38,14,36,72,36,0,36,0,38,72,18,0,25,72,0
1859,1859.0,533,532572.0,973.6234003656307,0.2571261201695127,74,38,16,36,72,36,0,36,0,38,72,18,0,25,72,0
1860,1860.0,531,533076.0,974.5447897623401,0.2554931326737911,74,38,14,36,72,36,0,36,0,38,72,18,0,25,72,0
1861,1861.0,530,533582.0,975.4698354661791,0.26396880790984206,74,38,13,36,72,36,0,36,0,38,72,18,0,25,72,0
1862,1862.0,529,534088.0,978.1831501831501,0.26076138424528716,74,38,12,36,72,36,0,36,0,38,72,18,0,25,72,0
1863,1863.0,528,534595.0,979.1117216117216,0.2810682147921958,74,38,11,36,72,36,0,36,0,38,72,18,0,25,72,0
1864,1864.0,526,535102.0,983.6433823529412,0.26178607891405653,74,38,9,36,72,36,0,36,0,38,72,18,0,25,72,0
1865,1865.0,524,535608.0,984.5735294117648,0.30073928165549696,74,38,7,36,72,36,0,36,0,38,72,18,0,25,72,0
1866,1866.0,522,536114.0,987.3186003683242,0.3149885561598371,74,38,5,36,72,36,0,36,0,38,72,18,0,25,72,0
1867,1867.0,520,536619.0,986.4319852941177,0.3678515621840668,74,38,3,36,72,36,0,36,0,38,72,18,0,25,72,0
1868,1868.0,518,537124.0,989.1786372007366,0.35093152415973966,74,38,1,36,72,36,0,36,0,38,72,18,0,25,72,0
1869,1869.0,517,537635.0,990.1197053406999,0.34824422366750396,74,38,0,36,72,36,0,36,0,38,72,18,0,25,72,0
1870,1870.0,517,538152.0,992.90036900369,0.3317303362661863,74,38,0,36,72,36,0,36,0,38,72,18,0,25,72,0
1871,1871.0,519,538671.0,993.8579335793358,0.30789844789909515,74,38,2,36,72,36,0,36,0,38,72,18,0,25,72,0
1872,1872.0,520,539191.0,994.8173431734317,0.29163236600752845,74,38,3,36,72,36,0,36,0,38,72,18,0,25,72,0
1873,1873.0,522,539713.0,993.9465930018416,0.29869607124264314,74,38,5,36,72,36,0,36,0,38,72,18,0,25,72,0
1874,1874.0,523,540236.0,994.9097605893186,0.2852786968237144,74,38,6,36,72,36,0,36,0,38,72,18,0,25,72,0
1875,1875.0,525,540761.0,995.8766114180479,0.2621001975161295,74,38,7,36,72,36,0,36,0,38,72,18,1,25,72,0
1876,1876.0,525,541286.0,996.8434622467771,0.23239734479992213,74,38,7,36,72,36,0,36,0,38,72,18,1,25,72,0
1877,1877.0,526,541812.0,997.8121546961326,0.2069946187534895,74,38,8,36,72,36,0,36,0,38,72,18,1,25,72,0
1878,1878.0,527,542336.0,998.7771639042357,0.19139260260171423,74,38,10,36,72,36,0,36,0,38,72,18,0,25,72,0
1879,1879.0,529,542865.0,997.9136029411765,0.20573165731543797,74,38,11,36,72,36,1,36,0,38,72,18,0,25,72,0
1880,1880.0,530,543395.0,998.8878676470588,0.19704661817997002,74,38,12,36,72,36,1,36,0,38,72,18,0,25,72,0
1881,1881.0,533,543928.0,999.8676470588235,0.1997305743880605,74,38,14,36,72,36,2,36,0,38,72,18,0,25,72,0
1882,1882.0,534,544462.0,1000.8492647058823,0.20760664901494977,74,38,15,36,72,36,2,36,0,38,72,18,0,25,72,0
1883,1883.0,535,544997.0,1001.8327205882352,0.21027955374398122,74,38,15,36,72,36,3,36,0,38,72,18,0,25,72,0
1884,1884.0,535,545532.0,1004.6629834254144,0.19308967737221497,74,38,15,36,72,36,3,36,0,38,72,18,0,25,72,0
1885,1885.0,535,546067.0,1003.7996323529412,0.21514677885160818,74,38,15,36,72,36,3,36,0,38,72,18,0,25,72,0
1886,1886.0,535,546602.0,1006.633517495396,0.18333383922157964,74,38,15,36,72,36,3,36,0,38,72,18,0,25,72,0
1887,1887.0,535,547137.0,1007.6187845303867,0.17036191691526795,74,38,15,36,72,36,3,36,0,38,72,18,0,25,72,0
1888,1888.0,535,547672.0,1010.4649446494465,0.1347524864137133,74,38,15,36,72,36,3,36,0,38,72,18,0,25,72,0
1889,1889.0,536,548208.0,1011.4538745387454,0.11923683247071072,74,38,16,36,72,36,3,36,0,38,72,18,0,25,72,0
1890,1890.0,536,548744.0,1012.4428044280443,0.10782060274291047,74,38,16,36,72,36,3,36,0,38,72,18,0,25,72,0
1891,1891.0,536,549280.0,1011.5653775322284,0.1310244870848119,74,38,16,36,72,36,3,36,0,38,72,18,0,25,72,0
1892,1892.0,537,549817.0,1012.5543278084715,0.12575331291916955,74,38,17,36,72,36,3,36,0,38,72,18,0,25,72,0
1893,1893.0,538,550355.0,1013.5451197053407,0.11653550053173269,74,38,17,36,72,36,3,36,1,38,72,18,0,25,72,0
1894,1894.0,538,550893.0,1014.5359116022099,0.10632178640445551,74,38,17,36,72,36,3,36,1,38,72,18,0,25,72,0
1895,1895.0,538,551431.0,1015.5267034990792,0.08781278737175639,74,38,17,36,72,36,3,36,1,38,72,18,0,25,72,0
1896,1896.0,539,551970.0,1016.5193370165746,0.06262389362153264,74,38,18,36,72,36,3,36,1,38,72,18,0,25,72,0
1897,1897.0,539,552509.0,1015.6415441176471,0.06459526970482336,74,38,18,36,72,36,3,36,1,38,72,18,0,25,72,0
1898,1898.0,539,553048.0,1016.6323529411765,0.05229789989296665,74,38,18,36,72,36,3,36,1,38,72,18,0,25,72,0
1899,1899.0,539,553581.0,1017.6121323529412,0.049610655283528204,74,38,19,36,72,36,3,36,0,38,72,18,0,25,72,0
1900,1900.0,540,554121.0,1018.6047794117648,0.04881121144398497,74,38,19,36,72,36,3,36,0,38,72,18,1,25,72,0
1901,1901.0,540,554661.0,1019.5974264705883,0.04996010982080328,74,38,19,36,72,36,3,36,0,38,72,18,1,25,72,0
1902,1902.0,540,555201.0,1020.5900735294117,0.05890650471808859,74,38,19,36,72,36,3,36,0,38,72,18,1,25,72,0
1903,1903.0,540,555741.0,1019.708256880734,0.09413433799427438,74,38,19,36,72,36,3,36,0,38,72,18,1,25,72,0
1904,1904.0,540,556281.0,1020.6990825688073,0.10188047735926531,74,38,19,36,72,36,3,36,0,38,72,18,1,25,72,0
1905,1905.0,539,556815.0,1021.6788990825688,0.11577290565919961,74,38,19,36,72,36,3,36,0,38,72,18,0,25,72,0
1906,1906.0,539,557354.0,1022.6678899082568,0.12556800032814838,74,38,19,36,72,36,3,36,0,38,72,18,0,25,72,0
1907,1907.0,539,557893.0,1023.656880733945,0.1313661416131636,74,38,19,36,72,36,3,36,0,38,72,18,0,25,72,0
1908,1908.0,539,558432.0,1024.645871559633,0.13153969786489494,74,38,19,36,72,36,3,36,0,38,72,18,0,25,72,0
1909,1909.0,539,558971.0,1023.7564102564103,0.16138775289735754,74,38,19,36,72,36,3,36,0,38,72,18,0,25,72,0
1910,1910.0,539,559510.0,1024.7435897435898,0.16500456986067683,74,38,19,36,72,36,3,36,0,38,72,18,0,25,72,0
1911,1911.0,539,560049.0,1025.7307692307693,0.16507461634443615,74,38,19,36,72,36,3,36,0,38,72,18,0,25,72,0
1912,1912.0,539,560588.0,1026.7179487179487,0.16501158245689304,74,38,19,36,72,36,3,36,0,38,72,18,0,25,72,0
1913,1913.0,539,561127.0,1027.7051282051282,0.15433347329580926,74,38,19,36,72,36,3,36,0,38,72,18,0,25,72,0
1914,1914.0,535,561508.0,1028.4029304029305,0.16629049523273792,74,38,17,36,72,36,1,36,0,38,72,18,0,25,72,0
1915,1915.0,532,561923.0,1027.2815356489946,0.21172315666409564,74,38,15,36,72,36,0,36,0,38,72,18,0,25,72,0
1916,1916.0,530,562368.0,1028.0950639853747,0.23609833139728167,74,38,13,36,72,36,0,36,0,38,72,18,0,25,72,0
1917,1917.0,529,562815.0,1028.9122486288848,0.2611968250825982,74,38,12,36,72,36,0,36,0,38,72,18,0,25,72,0
1918,1918.0,527,563262.0,1029.7294332723948,0.28452776012823977,74,38,10,36,72,36,0,36,0,38,72,18,0,25,72,0
1919,1919.0,525,563708.0,1030.54478976234,0.3079589359837479,74,38,8,36,72,36,0,36,0,38,72,18,0,25,72,0
1920,1920.0,523,564153.0,1031.3583180987202,0.32563250707490915,74,38,6,36,72,36,0,36,0,38,72,18,0,25,72,0
1921,1921.0,522,564607.0,1030.3047445255474,0.37207835333633915,74,38,5,36,72,36,0,36,0,38,72,18,0,25,72,0
1922,1922.0,520,565068.0,1031.14598540146,0.3789722722628754,74,38,3,36,72,36,0,36,0,38,72,18,0,25,72,0
1923,1923.0,522,565590.0,1032.0985401459855,0.3771471494226091,74,38,5,36,72,36,0,36,0,38,72,18,0,25,72,0
1924,1924.0,521,566079.0,1032.9908759124087,0.37168576198241393,74,38,4,36,72,36,0,36,0,38,72,18,0,25,72,0
1925,1925.0,520,566593.0,1033.9288321167883,0.35977471310034254,74,38,3,36,72,36,0,36,0,38,72,18,0,25,72,0
1926,1926.0,519,567110.0,1034.8722627737227,0.3357272889628765,74,38,2,36,72,36,0,36,0,38,72,18,0,25,72,0
1927,1927.0,521,567631.0,1035.8229927007299,0.31728582076470474,74,38,4,36,72,36,0,36,0,38,72,18,0,25,72,0
1928,1928.0,524,568155.0,1036.779197080292,0.2868801824641003,74,38,6,36,72,36,0,36,0,38,72,18,1,25,72,0
1929,1929.0,525,568679.0,1039.632541133455,0.2453785798731392,74,38,7,36,72,36,1,36,0,38,72,18,0,25,72,0
1930,1930.0,525,569204.0,1040.5923217550273,0.22730709275208227,74,38,7,36,72,36,1,36,0,38,72,18,0,25,72,0
1931,1931.0,527,569731.0,1041.5557586837294,0.2019513809767165,74,38,8,36,72,36,2,36,0,38,72,18,0,25,72,0
1932,1932.0,529,570260.0,1044.4322344322345,0.15413670923147105,74,38,10,36,72,36,2,36,0,38,72,18,0,25,72,0
1933,1933.0,531,570791.0,1043.4936014625227,0.17563800843087668,74,38,11,36,72,36,3,36,0,38,72,18,0,25,72,0
1934,1934.0,533,571324.0,1044.4680073126142,0.166748488133111,74,38,12,36,72,36,4,36,0,38,72,18,0,25,72,0
1935,1935.0,536,571860.0,1045.4478976234004,0.163961302344628,74,38,14,36,72,36,5,36,0,38,72,18,0,25,72,0
1936,1936.0,537,572397.0,1046.4296160877514,0.16858378712109928,74,38,15,36,72,36,5,36,0,38,72,18,0,25,72,0
1937,1937.0,539,572936.0,1047.4149908592321,0.16066352245462173,74,38,16,36,72,36,6,36,0,38,72,18,0,25,72,0
1938,1938.0,538,573446.0,1048.347349177331,0.1556854310462556,74,38,15,36,72,36,6,36,0,38,72,18,0,25,72,0
1939,1939.0,535,573956.0,1047.3649635036497,0.1760209249232189,74,38,12,36,72,36,6,36,0,38,72,18,0,25,72,0
1940,1940.0,534,574466.0,1048.2956204379561,0.16613585726023927,74,38,11,36,72,36,6,36,0,38,72,18,0,25,72,0
1941,1941.0,533,574977.0,1049.228102189781,0.1705887124011801,74,38,10,36,72,36,6,36,0,38,72,18,0,25,72,0
1942,1942.0,533,575490.0,1050.1642335766423,0.19872984811868102,74,38,10,36,72,36,6,36,0,38,72,18,0,25,72,0
1943,1943.0,532,576004.0,1051.102189781022,0.22750994804374094,74,38,9,36,72,36,6,36,0,38,72,18,0,25,72,0
1944,1944.0,528,576488.0,1051.985401459854,0.2617567153121433,74,38,7,36,72,36,4,36,0,38,72,18,0,25,72,0
1945,1945.0,524,576970.0,1050.9471766848817,0.3285907258109981,74,38,5,36,72,36,2,36,0,38,72,18,0,25,72,0
1946,1946.0,520,577458.0,1051.8360655737704,0.34460822303188826,74,38,3,36,72,36,0,36,0,38,72,18,0,25,72,0
1947,1947.0,520,577973.0,1052.7741347905283,0.3515307090715135,74,38,3,36,72,36,0,36,0,38,72,18,0,25,72,0
1948,1948.0,520,578487.0,1053.7103825136612,0.3758694205527051,74,38,2,36,72,36,0,36,0,38,72,18,1,25,72,0
1949,1949.0,521,579002.0,1054.6484517304189,0.39466105021702436,74,38,3,36,72,36,0,36,0,38,72,18,1,25,72,0
1950,1950.0,522,579524.0,1055.5992714025501,0.3926770698310307,74,38,4,36,72,36,0,36,0,38,72,18,1,25,72,0
1951,1951.0,522,580046.0,1054.629090909091,0.42280767293147764,74,38,4,36,72,36,0,36,0,38,72,18,1,25,72,0
1952,1952.0,524,580570.0,1055.581818181818,0.4000841758500815,74,38,6,36,72,36,0,36,0,38,72,18,1,25,72,0
1953,1953.0,526,581096.0,1056.5381818181818,0.37813767689242905,74,38,7,36,72,36,0,36,0,38,72,18,2,25,72,0
1954,1954.0,528,581624.0,1057.4981818181818,0.34872487349658077,74,38,9,36,72,36,0,36,0,38,72,18,2,25,72,0
1955,1955.0,529,582153.0,1058.46,0.3108046514638005,74,38,10,36,72,36,0,36,0,38,72,18,2,25,72,0
1956,1956.0,530,582672.0,1061.3333333333333,0.24847131403817588,74,38,11,36,72,36,1,36,0,38,72,18,1,25,72,0
1957,1957.0,530,583201.0,1060.3654545454544,0.2736417928604918,74,38,12,36,72,36,1,36,0,38,72,18,0,25,72,0
1958,1958.0,533,583734.0,1063.2677595628415,0.2512898304278061,74,38,14,36,72,36,2,36,0,38,72,18,0,25,72,0
1959,1959.0,533,584266.0,1064.2367941712205,0.25494988081980535,74,38,14,36,72,36,2,36,0,38,72,18,0,25,72,0
1960,1960.0,536,584802.0,1069.107861060329,0.21585300046230824,74,38,15,36,72,36,4,36,0,38,72,18,0,25,72,0
1961,1961.0,536,585338.0,1070.0877513711152,0.2277722586633321,74,38,15,36,72,36,4,36,0,38,72,18,0,25,72,0
1962,1962.0,536,585874.0,1071.0676416819013,0.2366525666201305,74,38,15,36,72,36,4,36,0,38,72,18,0,25,72,0
1963,1963.0,536,586410.0,1070.0912408759125,0.2616753143379138,74,38,15,36,72,36,4,36,0,38,72,18,0,25,72,0
1964,1964.0,536,586946.0,1073.0274223034735,0.2451037672685149,74,38,15,36,72,36,4,36,0,38,72,18,0,25,72,0
1965,1965.0,534,587464.0,1075.9413919413919,0.22761619628470905,74,38,15,36,72,36,2,36,0,38,72,18,0,25,72,0
1966,1966.0,532,587984.0,1078.8697247706423,0.19663257032949735,74,38,15,36,72,36,0,36,0,38,72,18,0,25,72,0
1967,1967.0,532,588516.0,1081.8308823529412,0.17042315313477724,74,38,15,36,72,36,0,36,0,38,72,18,0,25,72,0
1968,1968.0,533,589049.0,1082.8106617647059,0.15791345392091954,74,38,16,36,72,36,0,36,0,38,72,18,0,25,72,0
1969,1969.0,534,589583.0,1081.8036697247705,0.1824364058809693,74,38,17,36,72,36,0,36,0,38,72,18,0,25,72,0
1970,1970.0,534,590117.0,1082.783486238532,0.18367525608383742,74,38,17,36,72,36,0,36,0,38,72,18,0,25,72,0
1971,1971.0,533,590604.0,1083.6770642201834,0.19859061805931072,74,38,16,36,72,36,0,36,0,38,72,18,0,25,72,0
1972,1972.0,532,591091.0,1084.570642201835,0.21136393453300467,74,38,15,36,72,36,0,36,0,38,72,18,0,25,72,0
1973,1973.0,530,591579.0,1085.4660550458716,0.22953108750519113,74,38,13,36,72,36,0,36,0,38,72,18,0,25,72,0
1974,1974.0,528,592066.0,1086.359633027523,0.24535815992817528,74,38,11,36,72,36,0,36,0,38,72,18,0,25,72,0
1975,1975.0,527,592552.0,1085.2600732600733,0.2872588797458634,74,38,10,36,72,36,0,36,0,38,72,18,0,25,72,0
1976,1976.0,525,593038.0,1086.1501831501832,0.31516213307236546,74,38,8,36,72,36,0,36,0,38,72,18,0,25,72,0
1977,1977.0,524,593525.0,1087.0421245421246,0.3472005158771349,74,38,6,36,72,36,0,36,1,38,72,18,0,25,72,0
1978,1978.0,522,594020.0,1089.9449541284403,0.3495586730699581,74,38,4,36,72,36,0,36,1,38,72,18,0,25,72,0
1979,1979.0,520,594522.0,1092.8713235294117,0.34391912379424877,74,38,2,36,72,36,0,36,1,38,72,18,0,25,72,0
1980,1980.0,518,595023.0,1095.8066298342542,0.3235045347447331,74,38,1,36,72,36,0,36,0,38,72,18,0,25,72,0
1981,1981.0,518,595541.0,1094.7444852941176,0.3440787205941421,74,38,1,36,72,36,0,36,0,38,72,18,0,25,72,0
1982,1982.0,518,596059.0,1097.7145488029466,0.3157306333223119,74,38,1,36,72,36,0,36,0,38,72,18,0,25,72,0
1983,1983.0,520,596579.0,1098.6721915285452,0.3122312763788342,74,38,3,36,72,36,0,36,0,38,72,18,0,25,72,0
1984,1984.0,520,597099.0,1099.6298342541436,0.3071213293632738,74,38,3,36,72,36,0,36,0,38,72,18,0,25,72,0
1985,1985.0,522,597621.0,1100.5911602209944,0.30295385010237647,74,38,5,36,72,36,0,36,0,38,72,18,0,25,72,0
1986,1986.0,523,598144.0,1101.5543278084715,0.2925938208903573,74,38,6,36,72,36,0,36,0,38,72,18,0,25,72,0
1987,1987.0,526,598670.0,1100.4963235294117,0.29052951244718583,74,38,9,36,72,36,0,36,0,38,72,18,0,25,72,0
1988,1988.0,526,599195.0,1101.4613970588234,0.281042875883799,74,38,9,36,72,36,0,36,0,38,72,18,0,25,72,0
1989,1989.0,527,599721.0,1102.4283088235295,0.26902178796766824,74,38,10,36,72,36,0,36,0,38,72,18,0,25,72,0
1990,1990.0,529,600250.0,1103.4007352941176,0.25806647152385376,74,38,12,36,72,36,0,36,0,38,72,18,0,25,72,0
1991,1991.0,530,600780.0,1104.375,0.261922980199335,74,38,13,36,72,36,0,36,0,38,72,18,0,25,72,0
1992,1992.0,531,601311.0,1105.3511029411766,0.25652089825833224,74,38,14,36,72,36,0,36,0,38,72,18,0,25,72,0
1993,1993.0,532,601843.0,1104.2990825688073,0.27709962975343994,74,38,15,36,72,36,0,36,0,38,72,18,0,25,72,0
1994,1994.0,532,602375.0,1105.2752293577983,0.2555320070411768,74,38,15,36,72,36,0,36,0,38,72,18,0,25,72,0
1995,1995.0,533,602908.0,1106.2532110091743,0.23614539646496097,74,38,16,36,72,36,0,36,0,38,72,18,0,25,72,0
1996,1996.0,534,603442.0,1109.2683823529412,0.19873289177224496,74,38,16,36,72,36,0,36,0,38,72,18,1,25,72,0
1997,1997.0,535,603977.0,1110.2518382352941,0.19183838196162217,74,38,16,36,72,36,0,36,0,38,72,18,2,25,72,0
1998,1998.0,535,604512.0,1113.2817679558011,0.16804889023278924,74,38,16,36,72,36,0,36,0,38,72,18,2,25,72,0
1999,1999.0,536,605048.0,1116.3247232472324,0.1487355548477048,74,38,16,36,72,36,0,36,0,38,72,18,3,25,72,0
2000,2000.0,536,605584.0,1117.3136531365315,0.14522345263211353,74,38,16,36,72,36,0,36,0,38,72,18,3,25,72,0
2001,2001.0,536,606120.0,1120.369685767098,0.12366874042674027,74,38,16,36,72,36,0,36,0,38,72,18,3,25,72,0
2002,2002.0,536,606656.0,1121.3604436229205,0.1222407857979035,74,38,16,36,72,36,0,36,0,38,72,18,3,25,72,0
2003,2003.0,536,607192.0,1124.4296296296295,0.09586659297790769,74,38,16,36,72,36,0,36,0,38,72,18,3,25,72,0
2004,2004.0,534,607711.0,1125.3907407407407,0.09844770998727316,74,38,16,36,72,36,0,36,0,38,72,18,1,25,72,0
2005,2005.0,533,608238.0,1124.2846580406654,0.12589781780980241,74,38,16,36,72,36,0,36,0,38,72,18,0,25,72,0
2006,2006.0,533,608771.0,1125.2698706099816,0.13378359431197534,74,38,16,36,72,36,0,36,0,38,72,18,0,25,72,0
2007,2007.0,533,609304.0,1126.2550831792976,0.14829142229084355,74,38,16,36,72,36,0,36,0,38,72,18,0,25,72,0
2008,2008.0,533,609837.0,1127.2402957486138,0.16602988859778256,74,38,16,36,72,36,0,36,0,38,72,18,0,25,72,0
2009,2009.0,533,610370.0,1128.2255083179298,0.17394579156326723,74,38,16,36,72,36,0,36,0,38,72,18,0,25,72,0
2010,2010.0,533,610903.0,1129.2107208872458,0.179877878668382,74,38,16,36,72,36,0,36,0,38,72,18,0,25,72,0
2011,2011.0,533,611436.0,1128.110701107011,0.2115069463085441,74,38,16,36,72,36,0,36,0,38,72,18,0,25,72,0
2012,2012.0,533,611969.0,1129.0940959409595,0.20494879699930119,74,38,16,36,72,36,0,36,0,38,72,18,0,25,72,0
2013,2013.0,533,612502.0,1130.0774907749078,0.19467505945972494,74,38,16,36,72,36,0,36,0,38,72,18,0,25,72,0
2014,2014.0,533,613035.0,1131.060885608856,0.16395900549868905,74,38,16,36,72,36,0,36,0,38,72,18,0,25,72,0
2015,2015.0,533,613568.0,1132.0442804428044,0.13179231533393773,74,38,16,36,72,36,0,36,0,38,72,18,0,25,72,0
2016,2016.0,532,614031.0,1132.8985239852398,0.11516233576068453,74,38,15,36,72,36,0,36,0,38,72,18,0,25,72,0
2017,2017.0,531,614496.0,1131.6685082872928,0.1338069444529099,74,38,14,36,72,36,0,36,0,38,72,18,0,25,72,0
2018,2018.0,530,614961.0,1132.524861878453,0.14185414411881853,74,38,13,36,72,36,0,36,0,38,72,18,0,25,72,0
2019,2019.0,531,615428.0,1133.3848987108656,0.15388466631166223,74,38,13,36,72,36,0,36,1,38,72,18,0,25,72,0
2020,2020.0,529,615895.0,1134.2449355432782,0.1766219256974648,74,38,11,36,72,36,0,36,1,38,72,18,0,25,72,0
2021,2021.0,527,616360.0,1135.1012891344383,0.20111233660899955,74,38,9,36,72,36,0,36,1,38,72,18,0,25,72,0
2022,2022.0,525,616825.0,1135.9576427255986,0.2332743117640021,74,38,7,36,72,36,0,36,1,38,72,18,0,25,72,0
2023,2023.0,523,617289.0,1134.7224264705883,0.2783251200224122,74,38,5,36,72,36,0,36,1,38,72,18,0,25,72,0
2024,2024.0,522,617796.0,1135.6544117647059,0.276434515868574,74,38,4,36,72,36,0,36,1,38,72,18,0,25,72,0
2025,2025.0,521,618304.0,1136.5882352941176,0.2738469368856541,74,38,3,36,72,36,0,36,1,38,72,18,0,25,72,0
2026,2026.0,521,618823.0,1137.5422794117646,0.26766968020637333,74,38,2,36,72,36,0,36,2,38,72,18,0,25,72,0
2027,2027.0,521,619336.0,1138.485294117647,0.25327105077979223,74,38,2,36,72,36,0,36,2,38,72,18,0,25,72,0
2028,2028.0,520,619845.0,1139.420955882353,0.2512261670496678,74,38,3,36,72,36,0,36,0,38,72,18,0,25,72,0
2029,2029.0,521,620366.0,1138.28623853211,0.2742629176456693,74,38,4,36,72,36,0,36,0,38,72,18,0,25,72,0
2030,2030.0,522,620888.0,1139.2440366972478,0.2729235335202041,74,38,5,36,72,36,0,36,0,38,72,18,0,25,72,0
2031,2031.0,524,621412.0,1140.205504587156,0.27479801103255813,74,38,7,36,72,36,0,36,0,38,72,18,0,25,72,0
2032,2032.0,525,621937.0,1141.1688073394496,0.2756722514535742,74,38,8,36,72,36,0,36,0,38,72,18,0,25,72,0
2033,2033.0,526,622463.0,1142.1339449541285,0.27567814571932414,74,38,9,36,72,36,0,36,0,38,72,18,0,25,72,0
2034,2034.0,527,622990.0,1143.1009174311926,0.27044715670267894,74,38,10,36,72,36,0,36,0,38,72,18,0,25,72,0
2035,2035.0,529,623519.0,1141.9761904761904,0.28234203709781686,74,38,12,36,72,36,0,36,0,38,72,18,0,25,72,0
2036,2036.0,530,624049.0,1142.9468864468865,0.28560734561536016,74,38,13,36,72,36,0,36,0,38,72,18,0,25,72,0
2037,2037.0,531,624580.0,1143.919413919414,0.2837793158958425,74,38,14,36,72,36,0,36,0,38,72,18,0,25,72,0
2038,2038.0,532,625112.0,1144.8937728937728,0.28021232057273104,74,38,15,36,72,36,0,36,0,38,72,18,0,25,72,0
2039,2039.0,534,625646.0,1145.871794871795,0.2753317993702708,74,38,17,36,72,36,0,36,0,38,72,18,0,25,72,0
2040,2040.0,534,626180.0,1146.8498168498168,0.2806638615111758,74,38,17,36,72,36,0,36,0,38,72,18,0,25,72,0
2041,2041.0,534,626714.0,1149.9339449541285,0.24963237928605175,74,38,17,36,72,36,0,36,0,38,72,18,0,25,72,0
2042,2042.0,534,627248.0,1150.9137614678898,0.22584277779062661,74,38,17,36,72,36,0,36,0,38,72,18,0,25,72,0
2043,2043.0,534,627782.0,1156.1362799263352,0.1583963528849984,74,38,17,36,72,36,0,36,0,38,72,18,0,25,72,0
2044,2044.0,535,628317.0,1159.2564575645756,0.11979057153145727,74,38,17,36,72,36,0,36,0,38,72,18,1,25,72,0
2045,2045.0,536,628853.0,1160.2453874538746,0.11394879642180489,74,38,17,36,72,36,0,36,0,38,72,18,2,25,72,0
2046,2046.0,536,629389.0,1161.2343173431734,0.11308241367390301,74,38,17,36,72,36,0,36,0,38,72,18,2,25,72,0
2047,2047.0,537,629926.0,1160.084714548803,0.12904263741103114,74,38,17,36,72,36,0,36,0,38,72,18,3,25,72,0
2048,2048.0,537,630463.0,1161.073664825046,0.11790084754400534,74,38,17,36,72,36,0,36,0,38,72,18,3,25,72,0
2049,2049.0,535,630989.0,1164.1863468634685,0.09901198820659075,74,38,17,36,72,36,0,36,0,38,72,18,1,25,72,0
2050,2050.0,534,631520.0,1165.1660516605166,0.10965592726929584,74,38,17,36,72,36,0,36,0,38,72,18,0,25,72,0
2051,2051.0,534,632054.0,1166.1512915129151,0.11362104431530076,74,38,17,36,72,36,0,36,0,38,72,18,0,25,72,0
2052,2052.0,534,632588.0,1167.1365313653137,0.12615579931132595,74,38,17,36,72,36,0,36,0,38,72,18,0,25,72,0
2053,2053.0,534,633122.0,1165.9705340699816,0.1723338119572046,74,38,17,36,72,36,0,36,0,38,72,18,0,25,72,0
2054,2054.0,534,633656.0,1166.9539594843461,0.18306921518591462,74,38,17,36,72,36,0,36,0,38,72,18,0,25,72,0
2055,2055.0,534,634190.0,1167.937384898711,0.19946445778718722,74,38,17,36,72,36,0,36,0,38,72,18,0,25,72,0
2056,2056.0,534,634724.0,1168.9208103130754,0.2025436723097019,74,38,17,36,72,36,0,36,0,38,72,18,0,25,72,0
2057,2057.0,534,635258.0,1169.9042357274402,0.2000652332244903,74,38,17,36,72,36,0,36,0,38,72,18,0,25,72,0
2058,2058.0,532,635726.0,1170.7661141804788,0.18393566460838925,74,38,15,36,72,36,0,36,0,38,72,18,0,25,72,0
2059,2059.0,530,636195.0,1169.4761029411766,0.19086943834260364,74,38,13,36,72,36,0,36,0,38,72,18,0,25,72,0
2060,2060.0,528,636664.0,1170.3382352941176,0.18144438788659453,74,38,11,36,72,36,0,36,0,38,72,18,0,25,72,0
2061,2061.0,528,637133.0,1171.2003676470588,0.19617621700907326,74,38,11,36,72,36,0,36,0,38,72,18,0,25,72,0
2062,2062.0,526,637603.0,1172.0643382352941,0.2123380127254455,74,38,9,36,72,36,0,36,0,38,72,18,0,25,72,0
2063,2063.0,526,638073.0,1172.9283088235295,0.23096445485705783,74,38,9,36,72,36,0,36,0,38,72,18,0,25,72,0
2064,2064.0,524,638542.0,1173.7904411764705,0.2530791946633541,74,38,7,36,72,36,0,36,0,38,72,18,0,25,72,0
2065,2065.0,523,639011.0,1172.497247706422,0.30688090500910215,74,38,6,36,72,36,0,36,0,38,72,18,0,25,72,0
2066,2066.0,521,639500.0,1173.394495412844,0.319259555402462,74,38,4,36,72,36,0,36,0,38,72,18,0,25,72,0
2067,2067.0,520,640016.0,1174.3412844036698,0.31911278959928224,74,38,3,36,72,36,0,36,0,38,72,18,0,25,72,0
2068,2068.0,521,640527.0,1175.2788990825688,0.3224664454096137,74,38,4,36,72,36,0,36,0,38,72,18,0,25,72,0
2069,2069.0,520,641041.0,1176.2220183486238,0.3095514567857558,74,38,3,36,72,36,0,36,0,38,72,18,0,25,72,0
2070,2070.0,521,641560.0,1177.1743119266055,0.3013670455995035,74,38,4,36,72,36,0,36,0,38,72,18,0,25,72,0
2071,2071.0,521,642081.0,1175.9725274725274,0.3235212903391262,74,38,4,36,72,36,0,36,0,38,72,18,0,25,72,0
2072,2072.0,522,642603.0,1176.9285714285713,0.321784092639299,74,38,5,36,72,36,0,36,0,38,72,18,0,25,72,0
2073,2073.0,523,643126.0,1177.886446886447,0.30603324236232615,74,38,6,36,72,36,0,36,0,38,72,18,0,25,72,0
2074,2074.0,524,643650.0,1178.8461538461538,0.30060873776060093,74,38,7,36,72,36,0,36,0,38,72,18,0,25,72,0
2075,2075.0,525,644175.0,1179.8076923076924,0.2887920110366196,74,38,8,36,72,36,0,36,0,38,72,18,0,25,72,0
2076,2076.0,527,644702.0,1180.7728937728937,0.2787564439768324,74,38,10,36,72,36,0,36,0,38,72,18,0,25,72,0
2077,2077.0,528,645230.0,1179.579524680073,0.296113429783521,74,38,11,36,72,36,0,36,0,38,72,18,0,25,72,0
2078,2078.0,530,645760.0,1180.54844606947,0.29313978945295877,74,38,13,36,72,36,0,36,0,38,72,18,0,25,72,0
2079,2079.0,532,646292.0,1181.5210237659962,0.27619146955968654,74,38,15,36,72,36,0,36,0,38,72,18,0,25,72,0
2080,2080.0,533,646825.0,1182.4954296160877,0.2638842111761476,74,38,16,36,72,36,0,36,0,38,72,18,0,25,72,0
2081,2081.0,534,647359.0,1183.471663619744,0.2541941952054292,74,38,17,36,72,36,0,36,0,38,72,18,0,25,72,0
2082,2082.0,535,647894.0,1184.4497257769654,0.24755475464286758,74,38,18,36,72,36,0,36,0,38,72,18,0,25,72,0
2083,2083.0,535,648429.0,1183.264598540146,0.26383144742537,74,38,18,36,72,36,0,36,0,38,72,18,0,25,72,0
2084,2084.0,536,648965.0,1188.580586080586,0.21575464667804903,74,38,19,36,72,36,0,36,0,38,72,18,0,25,72,0
2085,2085.0,537,649502.0,1189.5641025641025,0.21349563662728321,74,38,20,36,72,36,0,36,0,38,72,18,0,25,72,0
2086,2086.0,537,650039.0,1192.7321100917432,0.19444095658771549,74,38,20,36,72,36,0,36,0,38,72,18,0,25,72,0
2087,2087.0,537,650576.0,1193.7174311926606,0.1954518348712691,74,38,20,36,72,36,0,36,0,38,72,18,0,25,72,0
2088,2088.0,537,651113.0,1199.1031307550645,0.14706996516382592,74,38,20,36,72,36,0,36,0,38,72,18,0,25,72,0
2089,2089.0,537,651650.0,1200.0920810313075,0.1310697454990824,74,38,20,36,72,36,0,36,0,38,72,18,0,25,72,0
2090,2090.0,537,652187.0,1201.0810313075506,0.1153897408729933,74,38,20,36,72,36,0,36,0,38,72,18,0,25,72,0
2091,2091.0,536,652677.0,1201.9834254143645,0.11318289675567296,74,38,19,36,72,36,0,36,0,38,72,18,0,25,72,0
2092,2092.0,534,653167.0,1202.8858195211787,0.12449769097950232,74,38,17,36,72,36,0,36,0,38,72,18,0,25,72,0
2093,2093.0,532,653658.0,1203.7900552486187,0.14030358933788262,74,38,15,36,72,36,0,36,0,38,72,18,0,25,72,0
2094,2094.0,531,654150.0,1204.6961325966852,0.16129931180776466,74,38,14,36,72,36,0,36,0,38,72,18,0,25,72,0
2095,2095.0,529,654641.0,1203.3841911764705,0.22017255686889545,74,38,12,36,72,36,0,36,0,38,72,18,0,25,72,0
2096,2096.0,527,655131.0,1204.2849264705883,0.25608998836880853,74,38,10,36,72,36,0,36,0,38,72,18,0,25,72,0
2097,2097.0,525,655619.0,1205.1819852941176,0.2911262916436945,74,38,8,36,72,36,0,36,0,38,72,18,0,25,72,0
2098,2098.0,523,656105.0,1206.0753676470588,0.3176355450079156,74,38,6,36,72,36,0,36,0,38,72,18,0,25,72,0
2099,2099.0,522,656609.0,1207.0018382352941,0.3133591413166836,74,38,5,36,72,36,0,36,0,38,72,18,0,25,72,0
2100,2100.0,520,657095.0,1207.8952205882354,0.3076988638444051,74,38,3,36,72,36,0,36,0,38,72,18,0,25,72,0
2101,2101.0,521,657590.0,1206.5871559633028,0.33277184683768657,74,38,4,36,72,36,0,36,0,38,72,18,0,25,72,0
2102,2102.0,519,658100.0,1207.5229357798164,0.33643139691151613,74,38,2,36,72,36,0,36,0,38,72,18,0,25,72,0
2103,2103.0,520,658620.0,1208.4770642201836,0.3101632695617084,74,38,3,36,72,36,0,36,0,38,72,18,0,25,72,0
2104,2104.0,522,659142.0,1209.4348623853211,0.2826816781555974,74,38,5,36,72,36,0,36,0,38,72,18,0,25,72,0
2105,2105.0,523,659665.0,1210.394495412844,0.2471185627937196,74,38,6,36,72,36,0,36,0,38,72,18,0,25,72,0
2106,2106.0,526,660191.0,1211.359633027523,0.2011385580653033,74,38,7,36,72,36,2,36,0,38,72,18,0,25,72,0
2107,2107.0,527,660718.0,1210.1062271062272,0.2014654091025923,74,38,7,36,72,36,2,36,1,38,72,18,0,25,72,0
2108,2108.0,529,661247.0,1211.0750915750916,0.16896549055474142,74,38,9,36,72,36,2,36,1,38,72,18,0,25,72,0
2109,2109.0,532,661779.0,1212.0494505494505,0.12770040280852277,74,38,11,36,72,36,3,36,1,38,72,18,0,25,72,0
2110,2110.0,534,662313.0,1213.0274725274726,0.10177095205977114,74,38,13,36,72,36,3,36,1,38,72,18,0,25,72,0
2111,2111.0,535,662848.0,1214.007326007326,0.07503135227141923,74,38,13,36,72,36,4,36,1,38,72,18,0,25,72,0
2112,2112.0,535,662236.0,1212.886446886447,0.08656923018599111,74,38,15,36,72,36,5,36,0,36,72,18,0,25,72,0
2113,2113.0,534,661629.0,1209.5594149908593,0.12797715533855883,74,38,16,36,72,36,5,36,0,34,72,18,0,25,72,0
2114,2114.0,534,661024.0,1208.453382084095,0.14768546442234598,74,38,18,36,72,36,5,36,0,32,72,18,0,25,72,0
2115,2115.0,534,660421.0,1207.3510054844608,0.17168279035402567,74,38,19,36,72,36,6,36,0,30,72,18,0,25,72,0
2116,2116.0,532,659817.0,1206.2468007312614,0.20223571610787722,74,38,19,36,72,36,6,36,0,28,72,18,0,25,72,0
2117,2117.0,530,659211.0,1205.1389396709324,0.229277540782545,74,38,19,36,72,36,6,36,0,26,72,18,0,25,72,0
2118,2118.0,528,658603.0,1204.0274223034735,0.2556462285023457,74,38,19,36,72,36,6,36,0,24,72,18,0,25,72,0
2119,2119.0,526,657996.0,1200.7226277372263,0.2882113349913477,74,38,19,36,72,36,6,36,0,22,72,18,0,25,72,0
2120,2120.0,524,657387.0,1199.6113138686133,0.26433076393494725,74,38,19,36,72,36,6,36,0,20,72,18,0,25,72,0
2121,2121.0,521,656746.0,1198.441605839416,0.2395139932005101,74,38,20,36,72,36,4,36,0,18,72,18,0,25,72,0
2122,2122.0,520,656676.0,1198.3138686131388,0.2263419124966798,74,38,20,36,72,36,2,36,0,18,72,18,0,26,72,0
2123,2123.0,518,656042.0,1197.1569343065694,0.23782107423344595,74,38,20,36,72,36,0,36,0,17,72,18,0,27,72,0
2124,2124.0,519,655995.0,1197.0711678832117,0.25787113517634885,74,38,20,36,72,36,0,36,0,17,72,18,0,28,72,0
2125,2125.0,519,655384.0,1193.7777777777778,0.2945124514790036,74,38,20,36,72,36,0,36,0,16,72,18,0,29,72,0
2126,2126.0,519,654774.0,1192.6666666666667,0.31041930289246433,74,38,20,36,72,36,0,36,0,16,72,18,0,29,72,0
2127,2127.0,519,654130.0,1191.4936247723133,0.3390028880860726,74,38,18,36,72,36,0,36,0,16,72,18,0,31,72,0
2128,2128.0,517,654049.0,1191.3460837887067,0.3508671026877618,74,38,16,36,72,36,0,36,0,16,72,18,0,31,72,0
2129,2129.0,514,653431.0,1190.2204007285975,0.3653995007641539,74,38,14,36,72,36,0,36,0,15,72,18,0,31,72,0
2130,2130.0,511,652831.0,1189.127504553734,0.3657452102779315,74,38,12,36,72,36,0,36,0,14,72,18,0,31,72,0
2131,2131.0,507,652253.0,1183.7622504537205,0.41376039165446993,74,38,10,36,72,36,0,36,0,12,72,18,0,31,72,0
2132,2132.0,507,652201.0,1181.5235507246377,0.42888111661022726,74,38,9,36,72,36,0,36,0,13,72,18,0,31,72,0
2133,2133.0,509,652687.0,1182.4039855072465,0.4587174808305871,74,38,9,36,72,36,0,36,0,15,72,18,0,31,72,0
2134,2134.0,508,653173.0,1187.5872727272726,0.43091150609586604,74,38,8,36,72,36,0,36,0,15,72,18,0,31,72,0
2135,2135.0,510,653639.0,1188.4345454545455,0.4332182428924816,74,38,7,36,72,36,0,36,0,18,72,18,0,31,72,0
2136,2136.0,510,654105.0,1191.448087431694,0.4061491567546485,74,38,6,36,72,36,0,36,0,19,72,18,0,31,72,0
2137,2137.0,508,654573.0,1187.97277676951,0.42915427419100965,74,38,4,36,72,36,0,36,0,19,72,18,0,31,72,0
2138,2138.0,509,655071.0,1186.7228260869565,0.4291253890027846,74,38,3,36,72,36,0,36,0,21,72,18,0,31,72,0
2139,2139.0,510,655577.0,1189.7949183303085,0.39799269019499406,74,38,3,36,72,36,0,36,0,22,72,18,0,31,72,0
2140,2140.0,512,656089.0,1190.7241379310344,0.3524237742447792,74,38,4,36,72,36,0,36,0,23,72,18,0,31,72,0
2141,2141.0,515,656604.0,1191.6588021778584,0.3056087184186011,74,38,6,36,72,36,0,36,0,24,72,18,0,31,72,0
2142,2142.0,517,657121.0,1192.5970961887476,0.2631453791270176,74,38,6,36,72,36,0,36,0,26,72,18,0,31,72,0
2143,2143.0,519,657640.0,1191.376811594203,0.2501865587442989,74,38,7,36,72,36,0,36,0,27,72,18,0,31,72,0
2144,2144.0,524,658163.0,1192.3242753623188,0.19963310532306025,74,38,8,36,72,36,2,36,0,29,72,18,0,31,72,0
2145,2145.0,527,658689.0,1193.2771739130435,0.15432501313151248,74,38,10,36,72,36,2,36,0,30,72,18,0,31,72,0
2146,2146.0,530,659218.0,1194.2355072463768,0.1288581857782481,74,38,9,36,72,36,4,36,0,32,72,18,0,31,72,0
2147,2147.0,533,659751.0,1195.2010869565217,0.10992941192163201,74,38,11,36,72,36,4,36,0,33,72,18,0,31,72,0
2148,2148.0,535,660278.0,1196.1557971014493,0.10598601896756765,74,38,13,36,72,36,3,36,0,34,72,18,0,31,72,0
2149,2149.0,535,660807.0,1194.9493670886077,0.14063283949165525,74,38,14,36,72,36,2,36,0,34,72,18,0,31,72,0
2150,2150.0,538,661342.0,1195.9168173598553,0.1547895021041414,74,38,16,36,72,36,0,36,0,37,72,18,0,31,72,0
2151,2151.0,539,661881.0,1196.891500904159,0.173552204836452,74,38,16,36,72,36,0,36,0,38,72,18,0,31,72,0
2152,2152.0,541,662422.0,1197.869801084991,0.193313718152574,74,38,18,36,72,36,0,36,0,38,72,18,0,31,72,0
2153,2153.0,542,662964.0,1198.8499095840868,0.21799535947976525,74,38,19,36,72,36,0,36,0,38,72,18,0,31,72,0
2154,2154.0,542,663506.0,1199.8300180831827,0.23126155273409507,74,38,19,36,72,36,0,36,0,38,72,18,0,31,72,0
2155,2155.0,542,664048.0,1198.6425992779784,0.2653166866926795,74,38,19,36,72,36,0,36,0,38,72,18,0,31,72,0
2156,2156.0,542,664590.0,1199.620938628159,0.2660519717596922,74,38,19,36,72,36,0,36,0,38,72,18,0,31,72,0
2157,2157.0,540,665090.0,1200.5234657039712,0.2641102946852837,74,38,17,36,72,36,0,36,0,38,72,18,0,31,72,0
2158,2158.0,538,665591.0,1201.427797833935,0.2700575800298319,74,38,15,36,72,36,0,36,0,38,72,18,0,31,72,0
2159,2159.0,537,666092.0,1202.332129963899,0.27463859567726545,74,38,14,36,72,36,0,36,0,38,72,18,0,31,72,0
2160,2160.0,535,666594.0,1203.2382671480145,0.28971889181186455,74,38,12,36,72,36,0,36,0,38,72,18,0,31,72,0
2161,2161.0,533,667097.0,1204.1462093862815,0.30149108536867564,74,38,10,36,72,36,0,36,0,38,72,18,0,31,72,0
2162,2162.0,532,667600.0,1207.233273056058,0.31114619572186236,74,38,9,36,72,36,0,36,0,38,72,18,0,31,72,0
2163,2163.0,530,668101.0,1208.139240506329,0.33293453361644476,74,38,7,36,72,36,0,36,0,38,72,18,0,31,72,0
2164,2164.0,529,668602.0,1211.2355072463768,0.33545660434630764,74,38,5,36,72,36,0,36,1,38,72,18,0,31,72,0
2165,2165.0,527,669103.0,1214.3430127041743,0.3147481382937932,74,38,3,36,72,36,0,36,1,38,72,18,0,31,72,0
2166,2166.0,526,669616.0,1217.4836363636364,0.2892890895849725,74,38,2,36,72,36,0,36,1,38,72,18,0,31,72,0
2167,2167.0,525,670128.0,1218.4145454545455,0.2658325017709308,74,38,0,36,72,36,0,36,2,38,72,18,0,31,72,0
2168,2168.0,526,670654.0,1219.370909090909,0.2550990400196771,74,38,1,36,72,36,0,36,2,38,72,18,0,31,72,0
2169,2169.0,529,671183.0,1220.3327272727272,0.24539850159150361,74,38,3,36,72,36,0,36,2,38,72,18,1,31,72,0
2170,2170.0,529,671712.0,1221.2945454545454,0.24058278072669717,74,38,3,36,72,36,0,36,2,38,72,18,1,31,72,0
2171,2171.0,530,672242.0,1222.2581818181818,0.2370180608163147,74,38,4,36,72,36,0,36,2,38,72,18,1,31,72,0
2172,2172.0,531,672770.0,1223.2181818181818,0.22661415117455605,74,38,6,36,72,36,0,36,2,38,72,18,0,31,72,0
2173,2173.0,532,673302.0,1221.9637023593466,0.2397912322650668,74,38,7,36,72,36,0,36,2,38,72,18,0,31,72,0
2174,2174.0,533,673835.0,1222.9310344827586,0.2187507530457591,74,38,8,36,72,36,0,36,2,38,72,18,0,31,72,0
2175,2175.0,535,674370.0,1223.901996370236,0.20929956320877077,74,38,10,36,72,36,0,36,2,38,72,18,0,31,72,0
2176,2176.0,537,674907.0,1224.8765880217786,0.21237242953877197,74,38,12,36,72,36,0,36,2,38,72,18,0,31,72,0
2177,2177.0,538,675445.0,1225.852994555354,0.20063652039323387,74,38,13,36,72,36,0,36,2,38,72,18,0,31,72,0
2178,2178.0,536,675937.0,1226.7459165154264,0.2061105650518597,74,38,12,36,72,36,0,36,1,38,72,18,0,31,72,0
2179,2179.0,535,676453.0,1225.4583333333333,0.2464382535673978,74,38,12,36,72,36,0,36,0,38,72,18,0,31,72,0
2180,2180.0,533,676970.0,1226.394927536232,0.2707448812635572,74,38,10,36,72,36,0,36,0,38,72,18,0,31,72,0
2181,2181.0,531,677486.0,1227.3297101449275,0.2995832851719951,74,38,8,36,72,36,0,36,0,38,72,18,0,31,72,0
2182,2182.0,529,678001.0,1228.2626811594203,0.32425504730427246,74,38,6,36,72,36,0,36,0,38,72,18,0,31,72,0
2183,2183.0,527,678514.0,1231.4228675136117,0.33897262591663,74,38,4,36,72,36,0,36,0,38,72,18,0,31,72,0
2184,2184.0,526,679027.0,1234.5945454545454,0.361589136993723,74,38,3,36,72,36,0,36,0,38,72,18,0,31,72,0
2185,2185.0,524,679539.0,1235.5254545454545,0.4142650863690619,74,38,1,36,72,36,0,36,0,38,72,18,0,31,72,0
2186,2186.0,523,680060.0,1238.7249544626593,0.4157832384468293,74,38,0,36,72,36,0,36,0,38,72,18,0,31,72,0
2187,2187.0,524,680584.0,1241.941605839416,0.3882050598199435,74,38,1,36,72,36,0,36,0,38,72,18,0,31,72,0
2188,2188.0,525,681109.0,1245.1718464351006,0.36852252867422836,74,38,2,36,72,36,0,36,0,38,72,18,0,31,72,0
2189,2189.0,526,681635.0,1246.1334552102376,0.3630936893749278,74,38,3,36,72,36,0,36,0,38,72,18,0,31,72,0
2190,2190.0,527,682162.0,1247.0968921389397,0.3447250117974817,74,38,4,36,72,36,0,36,0,38,72,18,0,31,72,0
2191,2191.0,527,682689.0,1245.7828467153286,0.3461211637040199,74,38,4,36,72,36,0,36,0,38,72,18,0,31,72,0
2192,2192.0,529,683218.0,1246.7481751824816,0.3183089705446315,74,38,6,36,72,36,0,36,0,38,72,18,0,31,72,0
2193,2193.0,530,683748.0,1247.7153284671533,0.30512287288164175,74,38,7,36,72,36,0,36,0,38,72,18,0,31,72,0
2194,2194.0,531,684279.0,1248.684306569343,0.3077814293021549,74,38,8,36,72,36,0,36,0,38,72,18,0,31,72,0
2195,2195.0,532,684811.0,1249.655109489051,0.31857162831772906,74,38,9,36,72,36,0,36,0,38,72,18,0,31,72,0
2196,2196.0,534,685345.0,1250.6295620437957,0.32903508609108906,74,38,11,36,72,36,0,36,0,38,72,18,0,31,72,0
2197,2197.0,534,685879.0,1249.3242258652094,0.3569854156439022,74,38,11,36,72,36,0,36,0,38,72,18,0,31,72,0
2198,2198.0,534,686413.0,1250.296903460838,0.35585512325447965,74,38,11,36,72,36,0,36,0,38,72,18,0,31,72,0
2199,2199.0,534,686947.0,1251.2695810564662,0.34813921089984073,74,38,11,36,72,36,0,36,0,38,72,18,0,31,72,0
2200,2200.0,534,687481.0,1252.2422586520947,0.33645558932313335,74,38,11,36,72,36,0,36,0,38,72,18,0,31,72,0
2201,2201.0,534,688015.0,1253.2149362477232,0.3143080854289991,74,38,11,36,72,36,0,36,0,38,72,18,0,31,72,0
2202,2202.0,534,688549.0,1254.1876138433515,0.29789712394503626,74,38,11,36,72,36,0,36,0,38,72,18,0,31,72,0
2203,2203.0,535,689084.0,1252.88,0.29826110948015433,74,38,12,36,72,36,0,36,0,38,72,18,0,31,72,0
2204,2204.0,536,689620.0,1256.1384335154828,0.2634683900245971,74,38,13,36,72,36,0,36,0,38,72,18,0,31,72,0
2205,2205.0,536,690156.0,1259.4087591240875,0.22491438525999438,74,38,13,36,72,36,0,36,0,38,72,18,0,31,72,0
2206,2206.0,538,690694.0,1262.6946983546618,0.19544596000860748,74,38,15,36,72,36,0,36,0,38,72,18,0,31,72,0
2207,2207.0,538,691232.0,1263.6782449725777,0.18925053507339007,74,38,15,36,72,36,0,36,0,38,72,18,0,31,72,0
2208,2208.0,538,691770.0,1266.978021978022,0.15707474092487736,74,38,15,36,72,36,0,36,0,38,72,18,0,31,72,0
2209,2209.0,539,692309.0,1267.9652014652015,0.15106595741430376,74,38,16,36,72,36,0,36,0,38,72,18,0,31,72,0
2210,2210.0,539,692848.0,1271.2807339449541,0.11177868896293372,74,38,16,36,72,36,0,36,0,38,72,18,0,31,72,0
2211,2211.0,539,693387.0,1272.2697247706421,0.10426703791099562,74,38,16,36,72,36,0,36,0,38,72,18,0,31,72,0
2212,2212.0,540,693927.0,1273.2605504587157,0.10119669814615706,74,38,17,36,72,36,0,36,0,38,72,18,0,31,72,0
2213,2213.0,541,694468.0,1274.2532110091743,0.10055920545505918,74,38,18,36,72,36,0,36,0,38,72,18,0,31,72,0
2214,2214.0,541,695009.0,1275.245871559633,0.09974730642956799,74,38,18,36,72,36,0,36,0,38,72,18,0,31,72,0
2215,2215.0,541,695550.0,1273.901098901099,0.11370637099720309,74,38,18,36,72,36,0,36,0,38,72,18,0,31,72,0
2216,2216.0,541,696091.0,1274.8919413919414,0.10384087853148319,74,38,18,36,72,36,0,36,0,38,72,18,0,31,72,0
2217,2217.0,541,696632.0,1275.8827838827838,0.09665446631370025,74,38,18,36,72,36,0,36,0,38,72,18,0,31,72,0
2218,2218.0,541,697173.0,1276.8736263736264,0.09404850752797667,74,38,18,36,72,36,0,36,0,38,72,18,0,31,72,0
2219,2219.0,542,697715.0,1277.8663003663003,0.08444329689500901,74,38,18,36,72,36,0,36,0,38,72,18,1,31,72,0
2220,2220.0,542,698257.0,1278.8589743589744,0.08011812138486914,74,38,18,36,72,36,0,36,0,38,72,18,1,31,72,0
2221,2221.0,542,698799.0,1277.5118829981718,0.10063897700494144,74,38,18,36,72,36,0,36,0,38,72,18,1,31,72,0
2222,2222.0,542,699341.0,1278.5027422303474,0.09723384458322182,74,38,18,36,72,36,0,36,0,38,72,18,1,31,72,0
2223,2223.0,543,699884.0,1279.4954296160877,0.08835204140852936,74,38,18,36,72,36,0,36,0,38,72,18,2,31,72,0
2224,2224.0,543,700427.0,1280.4881170018282,0.08045159847946394,74,38,18,36,72,36,0,36,0,38,72,18,2,31,72,0
2225,2225.0,544,700971.0,1281.4826325411334,0.07478441945492276,74,38,18,36,72,36,0,36,0,38,72,18,3,31,72,0
2226,2226.0,542,701503.0,1282.45521023766,0.07663130630183942,74,38,18,36,72,36,0,36,0,38,72,18,1,31,72,0
2227,2227.0,541,702042.0,1281.0985401459855,0.11777898622224774,74,38,18,36,72,36,0,36,0,38,72,18,0,31,72,0
2228,2228.0,541,702583.0,1282.0857664233577,0.1267928524032755,74,38,18,36,72,36,0,36,0,38,72,18,0,31,72,0
2229,2229.0,541,703124.0,1283.0729927007299,0.1347211447763789,74,38,18,36,72,36,0,36,0,38,72,18,0,31,72,0
2230,2230.0,541,703665.0,1284.0602189781023,0.14616103545878853,74,38,18,36,72,36,0,36,0,38,72,18,0,31,72,0
2231,2231.0,541,704206.0,1285.0474452554745,0.15829940632110936,74,38,18,36,72,36,0,36,0,38,72,18,0,31,72,0
2232,2232.0,539,704656.0,1285.8686131386862,0.17264530014554316,74,38,16,36,72,36,0,36,0,38,72,18,0,31,72,0
2233,2233.0,537,705106.0,1284.3460837887067,0.21258918722809106,74,38,14,36,72,36,0,36,0,38,72,18,0,31,72,0
2234,2234.0,535,705557.0,1285.167577413479,0.21685655666013792,74,38,12,36,72,36,0,36,0,38,72,18,0,31,72,0
2235,2235.0,533,706007.0,1285.9872495446266,0.21469767028473816,74,38,10,36,72,36,0,36,0,38,72,18,0,31,72,0
2236,2236.0,531,706457.0,1286.8069216757742,0.2164321734427364,74,38,8,36,72,36,0,36,0,38,72,18,0,31,72,0
2237,2237.0,529,706911.0,1287.6338797814208,0.23838049405885212,74,38,6,36,72,36,0,36,0,38,72,18,0,31,72,0
2238,2238.0,528,707373.0,1288.4754098360656,0.2689148582287366,74,38,5,36,72,36,0,36,0,38,72,18,0,31,72,0
2239,2239.0,528,707838.0,1286.9781818181818,0.3243403566056845,74,38,5,36,72,36,0,36,0,38,72,18,0,31,72,0
2240,2240.0,527,708338.0,1287.8872727272728,0.3247821225278081,74,38,4,36,72,36,0,36,0,38,72,18,0,31,72,0
2241,2241.0,526,708832.0,1288.7854545454545,0.3244332782484558,74,38,3,36,72,36,0,36,0,38,72,18,0,31,72,0
2242,2242.0,525,709351.0,1289.729090909091,0.3049566717335568,74,38,2,36,72,36,0,36,0,38,72,18,0,31,72,0
2243,2243.0,526,709875.0,1290.6818181818182,0.28875584517842756,74,38,2,36,72,36,0,36,0,38,72,18,1,31,72,0
2244,2244.0,527,710402.0,1291.64,0.28312129230770694,74,38,3,36,72,36,0,36,0,38,72,18,1,31,72,0
2245,2245.0,528,710930.0,1290.2540834845736,0.29778020642630487,74,38,4,36,72,36,0,36,0,38,72,18,1,31,72,0
2246,2246.0,530,711460.0,1291.2159709618875,0.28473221869593884,74,38,5,36,72,36,0,36,0,38,72,18,2,31,72,0
2247,2247.0,531,711991.0,1292.179673321234,0.2670129284209136,74,38,6,36,72,36,0,36,0,38,72,18,2,31,72,0
2248,2248.0,533,712524.0,1293.147005444646,0.24245260799179222,74,38,7,36,72,36,0,36,0,38,72,18,3,31,72,0
2249,2249.0,535,713059.0,1294.1179673321235,0.22391496137147957,74,38,9,36,72,36,0,36,0,38,72,18,3,31,72,0
2250,2250.0,536,713595.0,1295.0907441016334,0.20873764860691724,74,38,10,36,72,36,0,36,0,38,72,18,3,31,72,0
2251,2251.0,537,714132.0,1293.7173913043478,0.21586409481480529,74,38,11,36,72,36,0,36,0,38,72,18,3,31,72,0
2252,2252.0,538,714670.0,1294.6920289855072,0.19969466061823096,74,38,12,36,72,36,0,36,0,38,72,18,3,31,72,0
2253,2253.0,539,715192.0,1295.6376811594203,0.1973859951457155,74,38,14,36,72,36,1,36,0,38,72,18,1,31,72,0
2254,2254.0,540,715726.0,1296.605072463768,0.20611359282610164,74,38,15,36,72,36,2,36,0,38,72,18,0,31,72,0
2255,2255.0,540,716266.0,1299.9382940108892,0.1823195771506997,74,38,15,36,72,36,2,36,0,38,72,18,0,31,72,0
2256,2256.0,541,716807.0,1300.9201451905626,0.19124428046233133,74,38,16,36,72,36,2,36,0,38,72,18,0,31,72,0
2257,2257.0,541,717348.0,1301.901996370236,0.20347129390717264,74,38,16,36,72,36,2,36,0,38,72,18,0,31,72,0
2258,2258.0,541,717889.0,1305.2527272727273,0.1946335540530415,74,38,16,36,72,36,2,36,0,38,72,18,0,31,72,0
2259,2259.0,541,718430.0,1308.6156648451731,0.1778203519607472,74,38,16,36,72,36,2,36,0,38,72,18,0,31,72,0
2260,2260.0,541,718971.0,1309.6010928961748,0.1810422098947332,74,38,16,36,72,36,2,36,0,38,72,18,0,31,72,0
2261,2261.0,541,719512.0,1310.5865209471767,0.18709721813564423,74,38,16,36,72,36,2,36,0,38,72,18,0,31,72,0
2262,2262.0,541,720053.0,1311.5719489981784,0.17550465492622971,74,38,16,36,72,36,2,36,0,38,72,18,0,31,72,0
2263,2263.0,541,720594.0,1310.1709090909092,0.17709688071955207,74,38,16,36,72,36,2,36,0,38,72,18,0,31,72,0
2264,2264.0,541,721135.0,1311.1545454545455,0.15071847415118136,74,38,16,36,72,36,2,36,0,38,72,18,0,31,72,0
2265,2265.0,541,721676.0,1312.138181818182,0.13178436358659293,74,38,16,36,72,36,2,36,0,38,72,18,0,31,72,0
2266,2266.0,543,722219.0,1313.1254545454547,0.12102144694743316,74,38,18,36,72,36,2,36,0,38,72,18,0,31,72,0
2267,2267.0,543,722762.0,1314.1127272727272,0.11824439568761444,74,38,18,36,72,36,2,36,0,38,72,18,0,31,72,0
2268,2268.0,544,723306.0,1315.101818181818,0.10685803607214377,74,38,19,36,72,36,2,36,0,38,72,18,0,31,72,0
2269,2269.0,545,723851.0,1313.7041742286751,0.12854622961221251,74,38,20,36,72,36,2,36,0,38,72,18,0,31,72,0
2270,2270.0,545,724396.0,1314.6932849364791,0.11738248620403771,74,38,20,36,72,36,2,36,0,38,72,18,0,31,72,0
2271,2271.0,546,724942.0,1315.6842105263158,0.11323493265206273,74,38,21,36,72,36,2,36,0,38,72,18,0,31,72,0
2272,2272.0,546,725488.0,1316.6751361161525,0.10542217091279112,74,38,21,36,72,36,2,36,0,38,72,18,0,31,72,0
2273,2273.0,546,726034.0,1317.666061705989,0.1028611495603946,74,38,21,36,72,36,2,36,0,38,72,18,0,31,72,0
2274,2274.0,545,726516.0,1318.540834845735,0.10602395803724067,74,38,20,36,72,36,2,36,0,38,72,18,0,31,72,0
2275,2275.0,543,726999.0,1317.0271739130435,0.1456642117084222,74,38,18,36,72,36,2,36,0,38,72,18,0,31,72,0
2276,2276.0,541,727481.0,1317.9003623188405,0.16402852038665514,74,38,16,36,72,36,2,36,0,38,72,18,0,31,72,0
2277,2277.0,539,727962.0,1318.7717391304348,0.18253993495545187,74,38,14,36,72,36,2,36,0,38,72,18,0,31,72,0
2278,2278.0,537,728442.0,1319.641304347826,0.20121793044261874,74,38,12,36,72,36,2,36,0,38,72,18,0,31,72,0
2279,2279.0,535,728923.0,1320.5126811594203,0.21689878109719155,74,38,10,36,72,36,2,36,0,38,72,18,0,31,72,0
2280,2280.0,533,729402.0,1321.3804347826087,0.23450911622126444,74,38,8,36,72,36,2,36,0,38,72,18,0,31,72,0
2281,2281.0,531,729880.0,1319.8553345388789,0.2788508608256671,74,38,6,36,72,36,2,36,0,38,72,18,0,31,72,0
2282,2282.0,530,730378.0,1320.755877034358,0.2903718436446322,74,38,4,36,72,36,2,36,1,38,72,18,0,31,72,0
2283,2283.0,529,730833.0,1321.5786618444847,0.30364408143702604,74,38,5,36,72,36,0,36,1,38,72,18,0,31,72,0
2284,2284.0,528,731333.0,1322.482820976492,0.3004437703464195,74,38,4,36,72,36,0,36,1,38,72,18,0,31,72,0
2285,2285.0,527,731847.0,1323.4122965641952,0.301746085226748,74,38,3,36,72,36,0,36,1,38,72,18,0,31,72,0
2286,2286.0,528,732371.0,1324.359855334539,0.30197063646385497,74,38,5,36,72,36,0,36,0,38,72,18,0,31,72,0
2287,2287.0,528,732899.0,1322.9223826714801,0.34399425053767174,74,38,5,36,72,36,0,36,0,38,72,18,0,31,72,0
2288,2288.0,529,733428.0,1323.8772563176894,0.3404200689849509,74,38,6,36,72,36,0,36,0,38,72,18,0,31,72,0
2289,2289.0,530,733958.0,1324.8339350180506,0.3269830088639821,74,38,7,36,72,36,0,36,0,38,72,18,0,31,72,0
2290,2290.0,531,734489.0,1325.7924187725632,0.3119521087103373,74,38,8,36,72,36,0,36,0,38,72,18,0,31,72,0
2291,2291.0,533,735022.0,1326.7545126353791,0.28839006440269926,74,38,10,36,72,36,0,36,0,38,72,18,0,31,72,0
2292,2292.0,533,735555.0,1327.716606498195,0.25274020281357856,74,38,10,36,72,36,0,36,0,38,72,18,0,31,72,0
2293,2293.0,534,736089.0,1326.2864864864864,0.2501388808737415,74,38,11,36,72,36,0,36,0,38,72,18,0,31,72,0
2294,2294.0,536,736625.0,1327.2522522522522,0.24520465608381445,74,38,13,36,72,36,0,36,0,38,72,18,0,31,72,0
2295,2295.0,538,737163.0,1328.2216216216216,0.23657023216502307,74,38,13,36,72,36,2,36,0,38,72,18,0,31,72,0
2296,2296.0,540,737703.0,1329.1945945945945,0.23839554338334137,74,38,15,36,72,36,2,36,0,38,72,18,0,31,72,0
2297,2297.0,542,738245.0,1332.572202166065,0.20647567688874194,74,38,16,36,72,36,3,36,0,38,72,18,0,31,72,0
2298,2298.0,543,738788.0,1335.9638336347198,0.1891716256283454,74,38,17,36,72,36,3,36,0,38,72,18,0,31,72,0
2299,2299.0,545,739333.0,1336.9493670886077,0.18341845539576457,74,38,19,36,72,36,3,36,0,38,72,18,0,31,72,0
2300,2300.0,545,739878.0,1340.358695652174,0.1513438427028177,74,38,19,36,72,36,3,36,0,38,72,18,0,31,72,0
2301,2301.0,545,740423.0,1341.3460144927535,0.14081111992691675,74,38,19,36,72,36,3,36,0,38,72,18,0,31,72,0
2302,2302.0,546,740969.0,1342.3351449275362,0.12914416501518697,74,38,19,36,72,36,3,36,1,38,72,18,0,31,72,0
2303,2303.0,546,741515.0,1345.7622504537205,0.08381196883484698,74,38,19,36,72,36,3,36,1,38,72,18,0,31,72,0
2304,2304.0,544,742019.0,1346.676950998185,0.06682577272802362,74,38,17,36,72,36,3,36,1,38,72,18,0,31,72,0
2305,2305.0,542,742521.0,1345.1467391304348,0.08367610358188707,74,38,15,36,72,36,3,36,1,38,72,18,0,31,72,0
2306,2306.0,543,743026.0,1346.0615942028985,0.0967504312394341,74,38,15,36,72,36,3,36,2,38,72,18,0,31,72,0
2307,2307.0,539,743524.0,1346.963768115942,0.12511757895867984,74,38,13,36,72,36,3,36,0,38,72,18,0,31,72,0
2308,2308.0,537,744027.0,1347.875,0.15158303560075947,74,38,11,36,72,36,3,36,0,38,72,18,0,31,72,0
2309,2309.0,535,744531.0,1348.7880434782608,0.18620538949052165,74,38,9,36,72,36,3,36,0,38,72,18,0,31,72,0
2310,2310.0,531,745002.0,1349.641304347826,0.23603395780393768,74,38,7,36,72,36,1,36,0,38,72,18,0,31,72,0
2311,2311.0,528,745487.0,1348.0777576853527,0.3087345013659478,74,38,5,36,72,36,0,36,0,38,72,18,0,31,72,0
2312,2312.0,526,745986.0,1348.9801084990959,0.3394371732545912,74,38,3,36,72,36,0,36,0,38,72,18,0,31,72,0
2313,2313.0,524,746489.0,1349.889692585895,0.35661434821623944,74,38,1,36,72,36,0,36,0,38,72,18,0,31,72,0
2314,2314.0,525,747014.0,1350.8390596745028,0.3718126136170915,74,38,2,36,72,36,0,36,0,38,72,18,0,31,72,0
2315,2315.0,525,747530.0,1351.7721518987341,0.3866111075579113,74,38,2,36,72,36,0,36,0,38,72,18,0,31,72,0
2316,2316.0,525,748055.0,1352.7215189873418,0.38538630568491666,74,38,2,36,72,36,0,36,0,38,72,18,0,31,72,0
2317,2317.0,527,748582.0,1351.231046931408,0.40244579860535207,74,38,4,36,72,36,0,36,0,38,72,18,0,31,72,0
2318,2318.0,528,749110.0,1352.1841155234656,0.39112627503602265,74,38,5,36,72,36,0,36,0,38,72,18,0,31,72,0
2319,2319.0,529,749639.0,1353.1389891696751,0.38399909359496776,74,38,6,36,72,36,0,36,0,38,72,18,0,31,72,0
2320,2320.0,530,750169.0,1354.095667870036,0.3691119486661185,74,38,7,36,72,36,0,36,0,38,72,18,0,31,72,0
2321,2321.0,531,750700.0,1355.0541516245487,0.33725702073358277,74,38,8,36,72,36,0,36,0,38,72,18,0,31,72,0
2322,2322.0,533,751233.0,1356.0162454873646,0.30647915149971494,74,38,10,36,72,36,0,36,0,38,72,18,0,31,72,0
2323,2323.0,535,751768.0,1354.5369369369369,0.30638360427181616,74,38,11,36,72,36,1,36,0,38,72,18,0,31,72,0
2324,2324.0,535,752303.0,1357.947653429603,0.2724565908197897,74,38,11,36,72,36,1,36,0,38,72,18,0,31,72,0
2325,2325.0,537,752840.0,1358.9169675090252,0.26972482556168037,74,38,12,36,72,36,2,36,0,38,72,18,0,31,72,0
2326,2326.0,540,753380.0,1362.3508137432189,0.23993661516910111,74,38,14,36,72,36,3,36,0,38,72,18,0,31,72,0
2327,2327.0,542,753922.0,1365.8007246376812,0.20571007341414846,74,38,16,36,72,36,3,36,0,38,72,18,0,31,72,0
2328,2328.0,542,754464.0,1366.7826086956522,0.19065710243684103,74,38,16,36,72,36,3,36,0,38,72,18,0,31,72,0
2329,2329.0,542,755006.0,1367.7644927536232,0.1768827514226567,74,38,16,36,72,36,3,36,0,38,72,18,0,31,72,0
2330,2330.0,543,755549.0,1371.2323049001816,0.13484073488828588,74,38,17,36,72,36,3,36,0,38,72,18,0,31,72,0
2331,2331.0,542,756078.0,1372.1923774954628,0.13908767037209427,74,38,18,36,72,36,1,36,0,38,72,18,0,31,72,0
2332,2332.0,542,756613.0,1375.66,0.12558188531746425,74,38,19,36,72,36,0,36,0,38,72,18,0,31,72,0
2333,2333.0,542,757155.0,1376.6454545454546,0.13813741431037474,74,38,19,36,72,36,0,36,0,38,72,18,0,31,72,0
2334,2334.0,540,757656.0,1377.5563636363636,0.1529107972433142,74,38,17,36,72,36,0,36,0,38,72,18,0,31,72,0
2335,2335.0,538,758158.0,1375.967332123412,0.19544439721606588,74,38,15,36,72,36,0,36,0,38,72,18,0,31,72,0
2336,2336.0,536,758659.0,1376.8765880217786,0.2227441388340528,74,38,13,36,72,36,0,36,0,38,72,18,0,31,72,0
2337,2337.0,534,759160.0,1377.7858439201452,0.2490966909817862,74,38,11,36,72,36,0,36,0,38,72,18,0,31,72,0
2338,2338.0,532,759660.0,1378.6932849364791,0.2866270583389982,74,38,9,36,72,36,0,36,0,38,72,18,0,31,72,0
2339,2339.0,530,760160.0,1379.600725952813,0.3122781327893215,74,38,7,36,72,36,0,36,0,38,72,18,0,31,72,0
2340,2340.0,528,760660.0,1380.508166969147,0.33276336890241787,74,38,5,36,72,36,0,36,0,38,72,18,0,31,72,0
2341,2341.0,526,761158.0,1378.909420289855,0.39359389060915984,74,38,3,36,72,36,0,36,0,38,72,18,0,31,72,0
2342,2342.0,525,761671.0,1379.838768115942,0.39987793839152935,74,38,2,36,72,36,0,36,0,38,72,18,0,31,72,0
2343,2343.0,524,762172.0,1383.2522686025409,0.36346298972018704,74,38,1,36,72,36,0,36,0,38,72,18,0,31,72,0
2344,2344.0,523,762694.0,1384.1996370235934,0.3495483539297932,74,38,0,36,72,36,0,36,0,38,72,18,0,31,72,0
2345,2345.0,525,763219.0,1385.1524500907442,0.3319530751735535,74,38,2,36,72,36,0,36,0,38,72,18,0,31,72,0
2346,2346.0,526,763745.0,1386.1070780399275,0.3316856134165373,74,38,3,36,72,36,0,36,0,38,72,18,0,31,72,0
2347,2347.0,528,764273.0,1389.5872727272726,0.30904053853449215,74,38,5,36,72,36,0,36,0,38,72,18,0,31,72,0
2348,2348.0,529,764802.0,1390.5490909090909,0.2755705546935265,74,38,5,36,72,36,0,36,0,38,72,18,1,31,72,0
2349,2349.0,530,765332.0,1391.5127272727273,0.2469553697433332,74,38,6,36,72,36,0,36,0,38,72,18,1,31,72,0
2350,2350.0,532,765864.0,1392.48,0.23004248188860435,74,38,8,36,72,36,0,36,0,38,72,18,1,31,72,0
2351,2351.0,533,766397.0,1393.449090909091,0.21719527245091869,74,38,9,36,72,36,0,36,0,38,72,18,1,31,72,0
2352,2352.0,534,766927.0,1394.4127272727274,0.22939178591580817,74,38,10,36,72,36,0,36,0,38,72,18,1,31,72,0
2353,2353.0,534,767460.0,1392.8493647912885,0.26545414314871346,74,38,11,36,72,36,0,36,0,38,72,18,0,31,72,0
2354,2354.0,536,767996.0,1393.8221415607986,0.2753114806554769,74,38,13,36,72,36,0,36,0,38,72,18,0,31,72,0
2355,2355.0,537,768533.0,1394.7967332123412,0.2846729557036397,74,38,14,36,72,36,0,36,0,38,72,18,0,31,72,0
2356,2356.0,538,769071.0,1395.7731397459165,0.29529070606207186,74,38,15,36,72,36,0,36,0,38,72,18,0,31,72,0
2357,2357.0,538,769609.0,1396.7495462794918,0.2996661184930921,74,38,15,36,72,36,0,36,0,38,72,18,0,31,72,0
2358,2358.0,538,770147.0,1397.7259528130671,0.3001721542779666,74,38,15,36,72,36,0,36,0,38,72,18,0,31,72,0
2359,2359.0,538,770685.0,1396.1684782608695,0.319360533727539,74,38,15,36,72,36,0,36,0,38,72,18,0,31,72,0
2360,2360.0,538,771223.0,1399.6787658802177,0.2859990664046943,74,38,15,36,72,36,0,36,0,38,72,18,0,31,72,0
2361,2361.0,538,771761.0,1400.655172413793,0.2712654492145998,74,38,15,36,72,36,0,36,0,38,72,18,0,31,72,0
2362,2362.0,538,772299.0,1406.7377049180327,0.21766178219318855,74,38,15,36,72,36,0,36,0,38,72,18,0,31,72,0
2363,2363.0,539,772838.0,1410.2883211678832,0.18559700084831124,74,38,16,36,72,36,0,36,0,38,72,18,0,31,72,0
2364,2364.0,539,773377.0,1411.271897810219,0.17458179310230432,74,38,16,36,72,36,0,36,0,38,72,18,0,31,72,0
2365,2365.0,540,773917.0,1412.257299270073,0.159875396095083,74,38,17,36,72,36,0,36,0,38,72,18,0,31,72,0
2366,2366.0,540,774457.0,1413.242700729927,0.14667924376656652,74,38,17,36,72,36,0,36,0,38,72,18,0,31,72,0
2367,2367.0,541,774998.0,1414.2299270072992,0.13680587799823107,74,38,18,36,72,36,0,36,0,38,72,18,0,31,72,0
2368,2368.0,542,775540.0,1417.8062157221207,0.10939087441215001,74,38,19,36,72,36,0,36,0,38,72,18,0,31,72,0
2369,2369.0,542,776082.0,1418.7970749542962,0.10611040218534887,74,38,19,36,72,36,0,36,0,38,72,18,0,31,72,0
2370,2370.0,542,776624.0,1419.7879341864716,0.10100581715896176,74,38,19,36,72,36,0,36,0,38,72,18,0,31,72,0
2371,2371.0,542,777166.0,1418.1861313868612,0.10972884810861963,74,38,19,36,72,36,0,36,0,38,72,18,0,31,72,0
2372,2372.0,543,777709.0,1419.1770072992701,0.10388785926568346,74,38,20,36,72,36,0,36,0,38,72,18,0,31,72,0
2373,2373.0,541,778194.0,1420.0620437956204,0.10347493994055944,74,38,18,36,72,36,0,36,0,38,72,18,0,31,72,0
2374,2374.0,540,778679.0,1420.947080291971,0.10291222645458434,74,38,17,36,72,36,0,36,0,38,72,18,0,31,72,0
2375,2375.0,538,779164.0,1421.8321167883212,0.11136073091245964,74,38,15,36,72,36,0,36,0,38,72,18,0,31,72,0
2376,2376.0,536,779648.0,1422.7153284671533,0.125591367035355,74,38,13,36,72,36,0,36,0,38,72,18,0,31,72,0
2377,2377.0,534,780131.0,1421.0036429872496,0.17555118467823286,74,38,11,36,72,36,0,36,0,38,72,18,0,31,72,0
2378,2378.0,533,780614.0,1421.8834244080147,0.20299234058068044,74,38,9,36,72,36,0,36,0,38,72,18,1,31,72,0
2379,2379.0,531,781097.0,1422.7632058287795,0.2392191712997744,74,38,7,36,72,36,0,36,0,38,72,18,1,31,72,0
2380,2380.0,530,781610.0,1423.6976320582878,0.27241718329512615,74,38,6,36,72,36,0,36,0,38,72,18,1,31,72,0
2381,2381.0,528,782098.0,1424.5865209471767,0.2914597153368271,74,38,4,36,72,36,0,36,0,38,72,18,1,31,72,0
2382,2382.0,526,782603.0,1425.5063752276867,0.30530610832735766,74,38,3,36,72,36,0,36,0,38,72,18,0,31,72,0
2383,2383.0,525,783102.0,1423.8218181818181,0.34050708931733653,74,38,2,36,72,36,0,36,0,38,72,18,0,31,72,0
2384,2384.0,525,783617.0,1424.7581818181818,0.3402199945102541,74,38,2,36,72,36,0,36,0,38,72,18,0,31,72,0
2385,2385.0,527,784144.0,1425.7163636363637,0.33852167126505367,74,38,4,36,72,36,0,36,0,38,72,18,0,31,72,0
2386,2386.0,527,784671.0,1426.6745454545455,0.332758706004811,74,38,4,36,72,36,0,36,0,38,72,18,0,31,72,0
2387,2387.0,529,785200.0,1427.6363636363637,0.3156994213837638,74,38,6,36,72,36,0,36,0,38,72,18,0,31,72,0
2388,2388.0,530,785730.0,1428.6,0.3044434717977349,74,38,7,36,72,36,0,36,0,38,72,18,0,31,72,0
2389,2389.0,530,786260.0,1426.9691470054447,0.3075807960155441,74,38,7,36,72,36,0,36,0,38,72,18,0,31,72,0
2390,2390.0,531,786791.0,1427.9328493647913,0.2946959586520171,74,38,8,36,72,36,0,36,0,38,72,18,0,31,72,0
2391,2391.0,532,787323.0,1428.8983666061706,0.2815906743491028,74,38,9,36,72,36,0,36,0,38,72,18,0,31,72,0
2392,2392.0,534,787857.0,1429.8675136116153,0.27770178032708015,74,38,11,36,72,36,0,36,0,38,72,18,0,31,72,0
2393,2393.0,534,788391.0,1430.8366606170598,0.2559022184099444,74,38,11,36,72,36,0,36,0,38,72,18,0,31,72,0
2394,2394.0,536,788927.0,1431.80943738657,0.2506687540004304,74,38,13,36,72,36,0,36,0,38,72,18,0,31,72,0
2395,2395.0,538,789465.0,1430.1902173913043,0.2643387026489368,74,38,15,36,72,36,0,36,0,38,72,18,0,31,72,0
2396,2396.0,540,790005.0,1433.765880217786,0.21960879137201564,74,38,16,36,72,36,0,36,0,38,72,18,1,31,72,0
2397,2397.0,540,790545.0,1437.3545454545454,0.1912043733616762,74,38,16,36,72,36,0,36,0,38,72,18,1,31,72,0
2398,2398.0,541,791086.0,1438.3381818181817,0.186152384626206,74,38,17,36,72,36,0,36,0,38,72,18,1,31,72,0
2399,2399.0,541,791627.0,1441.9435336976321,0.15329944117594332,74,38,17,36,72,36,0,36,0,38,72,18,1,31,72,0
2400,2400.0,542,792169.0,1442.9307832422587,0.14736676576360425,74,38,17,36,72,36,0,36,0,38,72,18,2,31,72,0
2401,2401.0,542,792711.0,1443.9180327868853,0.1451601610783722,74,38,17,36,72,36,0,36,0,38,72,18,2,31,72,0
2402,2402.0,542,793253.0,1444.905282331512,0.1405545006433786,74,38,17,36,72,36,0,36,0,38,72,18,2,31,72,0
2403,2403.0,541,793784.0,1448.5109489051094,0.11389541682248827,74,38,17,36,72,36,0,36,0,38,72,18,1,31,72,0
2404,2404.0,540,794323.0,1452.1444241316271,0.10399187623741554,74,38,17,36,72,36,0,36,0,38,72,18,0,31,72,0
2405,2405.0,540,794863.0,1453.1316270566729,0.10988332851953724,74,38,17,36,72,36,0,36,0,38,72,18,0,31,72,0
2406,2406.0,538,795356.0,1454.0329067641683,0.1297167921229534,74,38,15,36,72,36,0,36,0,38,72,18,0,31,72,0
2407,2407.0,536,795848.0,1452.2773722627737,0.18313195976282287,74,38,13,36,72,36,0,36,0,38,72,18,0,31,72,0
2408,2408.0,534,796340.0,1453.1751824817518,0.20601920452481776,74,38,11,36,72,36,0,36,0,38,72,18,0,31,72,0
2409,2409.0,532,796832.0,1454.0729927007299,0.23756794989669125,74,38,9,36,72,36,0,36,0,38,72,18,0,31,72,0
2410,2410.0,530,797325.0,1454.9726277372263,0.2666284903088181,74,38,7,36,72,36,0,36,0,38,72,18,0,31,72,0
2411,2411.0,528,797817.0,1455.8704379562043,0.2869189074161637,74,38,5,36,72,36,0,36,0,38,72,18,0,31,72,0
2412,2412.0,526,798308.0,1456.7664233576643,0.31069605034758163,74,38,3,36,72,36,0,36,0,38,72,18,0,31,72,0
2413,2413.0,524,798797.0,1455.0036429872496,0.3356336205694856,74,38,1,36,72,36,0,36,0,38,72,18,0,31,72,0
2414,2414.0,523,799304.0,1455.9271402550091,0.31282897212334093,74,38,0,36,72,36,0,36,0,38,72,18,0,31,72,0
2415,2415.0,523,799827.0,1456.879781420765,0.3031797769828209,74,38,0,36,72,36,0,36,0,38,72,18,0,31,72,0
2416,2416.0,524,800351.0,1457.8342440801457,0.30556275625648355,74,38,0,36,72,36,0,36,0,38,72,18,1,31,72,0
2417,2417.0,526,800877.0,1458.792349726776,0.2986442948615373,74,38,2,36,72,36,0,36,0,38,72,18,1,31,72,0
2418,2418.0,528,801405.0,1459.7540983606557,0.28770955429414385,74,38,4,36,72,36,0,36,0,38,72,18,1,31,72,0
2419,2419.0,528,801933.0,1458.06,0.3088680499099786,74,38,4,36,72,36,0,36,0,38,72,18,1,31,72,0
2420,2420.0,530,802463.0,1459.0236363636363,0.28460954143247424,74,38,6,36,72,36,0,36,0,38,72,18,1,31,72,0
2421,2421.0,531,802994.0,1459.989090909091,0.25879998373475693,74,38,7,36,72,36,0,36,0,38,72,18,1,31,72,0
2422,2422.0,532,803526.0,1460.9563636363637,0.23411860937193668,74,38,8,36,72,36,0,36,0,38,72,18,1,31,72,0
2423,2423.0,535,804061.0,1461.929090909091,0.20591896852370895,74,38,10,36,72,36,0,36,0,38,72,18,2,31,72,0
2424,2424.0,533,804585.0,1462.8818181818183,0.18754570005347773,74,38,10,36,72,36,0,36,0,38,72,18,0,31,72,0
2425,2425.0,536,805121.0,1461.1996370235934,0.19835969691564778,74,38,13,36,72,36,0,36,0,38,72,18,0,31,72,0
2426,2426.0,539,805660.0,1462.1778584392014,0.2012832670221091,74,38,15,36,72,36,1,36,0,38,72,18,0,31,72,0
2427,2427.0,538,806197.0,1463.1524500907442,0.21125637112289444,74,38,14,36,72,36,1,36,0,38,72,18,0,31,72,0
2428,2428.0,540,806737.0,1464.1324863883847,0.21819038253602302,74,38,15,36,72,36,2,36,0,38,72,18,0,31,72,0
2429,2429.0,540,807277.0,1465.1125226860254,0.2253474305212529,74,38,15,36,72,36,2,36,0,38,72,18,0,31,72,0
2430,2430.0,541,807818.0,1468.76,0.20661333512210375,74,38,15,36,72,36,3,36,0,38,72,18,0,31,72,0
2431,2431.0,541,808359.0,1469.7436363636364,0.2025056024756431,74,38,15,36,72,36,3,36,0,38,72,18,0,31,72,0
2432,2432.0,541,808900.0,1473.4061930783241,0.1768399110022209,74,38,15,36,72,36,3,36,0,38,72,18,0,31,72,0
2433,2433.0,539,809427.0,1474.3661202185792,0.17760554859035174,74,38,15,36,72,36,1,36,0,38,72,18,0,31,72,0
2434,2434.0,538,809961.0,1475.3387978142077,0.17045546996334052,74,38,15,36,72,36,0,36,0,38,72,18,0,31,72,0
2435,2435.0,538,810499.0,1476.3187613843352,0.15346396599625428,74,38,15,36,72,36,0,36,0,38,72,18,0,31,72,0
2436,2436.0,537,810998.0,1477.2276867030967,0.15076572431322413,74,38,14,36,72,36,0,36,0,38,72,18,0,31,72,0
2437,2437.0,536,811496.0,1475.4472727272728,0.17812561101183538,74,38,13,36,72,36,0,36,0,38,72,18,0,31,72,0
2438,2438.0,535,811995.0,1476.3545454545454,0.1887114651974689,74,38,12,36,72,36,0,36,0,38,72,18,0,31,72,0
2439,2439.0,534,812494.0,1477.2618181818182,0.21458754979111822,74,38,10,36,72,36,0,36,1,38,72,18,0,31,72,0
2440,2440.0,532,812992.0,1478.1672727272728,0.2528153623517166,74,38,8,36,72,36,0,36,1,38,72,18,0,31,72,0
2441,2441.0,531,813491.0,1479.0745454545454,0.28675875141964824,74,38,7,36,72,36,0,36,1,38,72,18,0,31,72,0
2442,2442.0,529,813987.0,1479.9763636363637,0.30708497693921644,74,38,5,36,72,36,0,36,1,38,72,18,0,31,72,0
2443,2443.0,527,814492.0,1478.2068965517242,0.34293167430568583,74,38,3,36,72,36,0,36,1,38,72,18,0,31,72,0
2444,2444.0,525,815004.0,1479.13611615245,0.3363291361316729,74,38,1,36,72,36,0,36,1,38,72,18,0,31,72,0
2445,2445.0,523,815517.0,1480.0671506352087,0.34278061566016566,74,38,0,36,72,36,0,36,0,38,72,18,0,31,72,0
2446,2446.0,525,816042.0,1481.0199637023593,0.3441682737781317,74,38,2,36,72,36,0,36,0,38,72,18,0,31,72,0
2447,2447.0,526,816568.0,1484.669090909091,0.3169374298897034,74,38,3,36,72,36,0,36,0,38,72,18,0,31,72,0
2448,2448.0,527,817095.0,1485.6272727272728,0.31409926796658705,74,38,4,36,72,36,0,36,0,38,72,18,0,31,72,0
2449,2449.0,529,817624.0,1483.89110707804,0.3319419914707345,74,38,6,36,72,36,0,36,0,38,72,18,0,31,72,0
2450,2450.0,529,818153.0,1490.2604735883424,0.2779831233705648,74,38,6,36,72,36,0,36,0,38,72,18,0,31,72,0
2451,2451.0,531,818684.0,1491.2276867030967,0.26556886913654093,74,38,8,36,72,36,0,36,0,38,72,18,0,31,72,0
2452,2452.0,532,819216.0,1492.1967213114754,0.2523042362298873,74,38,9,36,72,36,0,36,0,38,72,18,0,31,72,0
2453,2453.0,533,819749.0,1493.167577413479,0.24392987569312516,74,38,10,36,72,36,0,36,0,38,72,18,0,31,72,0
2454,2454.0,534,820283.0,1494.1402550091075,0.24208009307781117,74,38,11,36,72,36,0,36,0,38,72,18,0,31,72,0
2455,2455.0,536,820819.0,1492.398181818182,0.2629645349814515,74,38,13,36,72,36,0,36,0,38,72,18,0,31,72,0
2456,2456.0,536,821355.0,1493.3727272727272,0.2607152163173079,74,38,13,36,72,36,0,36,0,38,72,18,0,31,72,0
2457,2457.0,537,821892.0,1494.3490909090908,0.261706453315469,74,38,14,36,72,36,0,36,0,38,72,18,0,31,72,0
2458,2458.0,538,822430.0,1495.3272727272727,0.24865957782663836,74,38,15,36,72,36,0,36,0,38,72,18,0,31,72,0
2459,2459.0,538,822968.0,1496.3054545454545,0.23428205631595217,74,38,15,36,72,36,0,36,0,38,72,18,0,31,72,0
2460,2460.0,538,823506.0,1497.2836363636363,0.24507069707191695,74,38,15,36,72,36,0,36,0,38,72,18,0,31,72,0
2461,2461.0,538,824044.0,1495.5426497277676,0.27102617533677426,74,38,15,36,72,36,0,36,0,38,72,18,0,31,72,0
2462,2462.0,538,824582.0,1496.519056261343,0.27753594454011626,74,38,15,36,72,36,0,36,0,38,72,18,0,31,72,0
2463,2463.0,538,825120.0,1497.4954627949182,0.2831993848886475,74,38,15,36,72,36,0,36,0,38,72,18,0,31,72,0
2464,2464.0,538,825658.0,1501.1963636363637,0.26233222051717153,74,38,15,36,72,36,0,36,0,38,72,18,0,31,72,0
2465,2465.0,538,826196.0,1502.1745454545455,0.2654479162013352,74,38,15,36,72,36,0,36,0,38,72,18,0,31,72,0
2466,2466.0,538,826734.0,1508.6386861313867,0.22464978323102097,74,38,15,36,72,36,0,36,0,38,72,18,0,31,72,0
2467,2467.0,538,827272.0,1509.6204379562043,0.2129563607921222,74,38,15,36,72,36,0,36,0,38,72,18,0,31,72,0
2468,2468.0,538,827810.0,1513.363802559415,0.1749652759138282,74,38,15,36,72,36,0,36,0,38,72,18,0,31,72,0
2469,2469.0,538,828348.0,1517.1208791208792,0.13750422462471246,74,38,15,36,72,36,0,36,0,38,72,18,0,31,72,0
2470,2470.0,539,828887.0,1518.1080586080586,0.12213335499830376,74,38,16,36,72,36,0,36,0,38,72,18,0,31,72,0
2471,2471.0,540,829427.0,1519.0970695970695,0.10899165761484222,74,38,17,36,72,36,0,36,0,38,72,18,0,31,72,0
2472,2472.0,540,829967.0,1520.0860805860807,0.10526432798248857,74,38,17,36,72,36,0,36,0,38,72,18,0,31,72,0
2473,2473.0,540,830507.0,1518.2943327239489,0.11079890285885288,74,38,17,36,72,36,0,36,0,38,72,18,0,31,72,0
2474,2474.0,541,831048.0,1519.2833638025595,0.09852209019538158,74,38,18,36,72,36,0,36,0,38,72,18,0,31,72,0
2475,2475.0,542,831590.0,1520.2742230347349,0.09181727836837858,74,38,18,36,72,36,0,36,1,38,72,18,0,31,72,0
2476,2476.0,542,832132.0,1521.2650822669104,0.08782574488922223,74,38,18,36,72,36,0,36,1,38,72,18,0,31,72,0
2477,2477.0,543,832675.0,1522.2577696526507,0.07870304459645985,74,38,19,36,72,36,0,36,1,38,72,18,0,31,72,0
2478,2478.0,542,833214.0,1523.2431444241315,0.08078604187848053,74,38,19,36,72,36,0,36,0,38,72,18,0,31,72,0
2479,2479.0,542,833756.0,1521.4525547445255,0.10161548412702838,74,38,19,36,72,36,0,36,0,38,72,18,0,31,72,0
2480,2480.0,542,834298.0,1522.441605839416,0.09828510015820424,74,38,19,36,72,36,0,36,0,38,72,18,0,31,72,0
2481,2481.0,542,834840.0,1523.4306569343066,0.10006360343758484,74,38,19,36,72,36,0,36,0,38,72,18,0,31,72,0
2482,2482.0,543,835383.0,1524.4215328467153,0.10277993865642501,74,38,20,36,72,36,0,36,0,38,72,18,0,31,72,0
2483,2483.0,543,835926.0,1525.412408759124,0.09888928836443026,74,38,20,36,72,36,0,36,0,38,72,18,0,31,72,0
2484,2484.0,543,836469.0,1526.403284671533,0.09072808358249804,74,38,20,36,72,36,0,36,0,38,72,18,0,31,72,0
2485,2485.0,543,837012.0,1524.6120218579235,0.10795356313730976,74,38,20,36,72,36,0,36,0,38,72,18,0,31,72,0
2486,2486.0,543,837555.0,1525.6010928961748,0.10707228520388454,74,38,20,36,72,36,0,36,0,38,72,18,0,31,72,0
2487,2487.0,542,838015.0,1526.43897996357,0.1092476102650773,74,38,19,36,72,36,0,36,0,38,72,18,0,31,72,0
2488,2488.0,540,838474.0,1527.2750455373407,0.12285325201714693,74,38,17,36,72,36,0,36,0,38,72,18,0,31,72,0
2489,2489.0,538,838932.0,1528.1092896174864,0.13924589480500238,74,38,15,36,72,36,0,36,0,38,72,18,0,31,72,0
2490,2490.0,536,839390.0,1528.9435336976321,0.16018347433239166,74,38,13,36,72,36,0,36,0,38,72,18,0,31,72,0
2491,2491.0,534,839847.0,1526.9945454545455,0.20687532678457443,74,38,11,36,72,36,0,36,0,38,72,18,0,31,72,0
2492,2492.0,532,840304.0,1527.8254545454545,0.23645940734878879,74,38,9,36,72,36,0,36,0,38,72,18,0,31,72,0
2493,2493.0,530,840760.0,1528.6545454545455,0.27035441219210055,74,38,7,36,72,36,0,36,0,38,72,18,0,31,72,0
2494,2494.0,528,841229.0,1529.5072727272727,0.297009500673998,74,38,5,36,72,36,0,36,0,38,72,18,0,31,72,0
2495,2495.0,526,841709.0,1530.38,0.31929923575235253,74,38,3,36,72,36,0,36,0,38,72,18,0,31,72,0
2496,2496.0,524,842200.0,1531.2727272727273,0.32536042709330637,74,38,1,36,72,36,0,36,0,38,72,18,0,31,72,0
2497,2497.0,525,842725.0,1529.4464609800364,0.3544948949441296,74,38,2,36,72,36,0,36,0,38,72,18,0,31,72,0
2498,2498.0,525,843239.0,1530.3793103448277,0.3426359075182216,74,38,2,36,72,36,0,36,0,38,72,18,0,31,72,0
2499,2499.0,526,843765.0,1531.333938294011,0.32354739905871427,74,38,3,36,72,36,0,36,0,38,72,18,0,31,72,0
2500,2500.0,528,844293.0,1532.2921960072595,0.3111337035153795,74,38,5,36,72,36,0,36,0,38,72,18,0,31,72,0
2501,2501.0,529,844822.0,1533.2522686025409,0.3036588938433594,74,38,6,36,72,36,0,36,0,38,72,18,0,31,72,0
2502,2502.0,530,845352.0,1534.2141560798548,0.29740497115204395,74,38,7,36,72,36,0,36,0,38,72,18,0,31,72,0
2503,2503.0,530,845882.0,1532.394927536232,0.3176663401758724,74,38,7,36,72,36,0,36,0,38,72,18,0,31,72,0
2504,2504.0,532,846414.0,1533.358695652174,0.29749321497318,74,38,9,36,72,36,0,36,0,38,72,18,0,31,72,0
2505,2505.0,533,846947.0,1534.3242753623188,0.28860134666858533,74,38,10,36,72,36,0,36,0,38,72,18,0,31,72,0
2506,2506.0,534,847481.0,1535.2916666666667,0.29079203603871084,74,38,11,36,72,36,0,36,0,38,72,18,0,31,72,0
2507,2507.0,536,848017.0,1536.2626811594203,0.28013590039755704,74,38,13,36,72,36,0,36,0,38,72,18,0,31,72,0
2508,2508.0,537,848554.0,1537.2355072463768,0.27014323487982117,74,38,14,36,72,36,0,36,0,38,72,18,0,31,72,0
2509,2509.0,539,849093.0,1535.4303797468353,0.27059116905377784,74,38,16,36,72,36,0,36,0,38,72,18,0,31,72,0
2510,2510.0,539,849632.0,1536.4050632911392,0.2619462024959593,74,38,16,36,72,36,0,36,0,38,72,18,0,31,72,0
2511,2511.0,540,850172.0,1537.381555153707,0.2607075177609799,74,38,17,36,72,36,0,36,0,38,72,18,0,31,72,0
2512,2512.0,542,850714.0,1541.1485507246377,0.23457270385545997,74,38,18,36,72,36,1,36,0,38,72,18,0,31,72,0
2513,2513.0,542,851256.0,1544.929219600726,0.209770885120726,74,38,18,36,72,36,1,36,0,38,72,18,0,31,72,0
2514,2514.0,542,851798.0,1548.7236363636364,0.1766039057741594,74,38,18,36,72,36,1,36,0,38,72,18,0,31,72,0
2515,2515.0,542,852340.0,1549.709090909091,0.16635512198003388,74,38,18,36,72,36,1,36,0,38,72,18,0,31,72,0
2516,2516.0,543,852883.0,1553.5209471766848,0.13028001128740532,74,38,19,36,72,36,1,36,0,38,72,18,0,31,72,0
2517,2517.0,541,853386.0,1554.4371584699454,0.12957166035995465,74,38,17,36,72,36,1,36,0,38,72,18,0,31,72,0
2518,2518.0,539,853887.0,1555.3497267759562,0.13469443478871299,74,38,15,36,72,36,1,36,0,38,72,18,0,31,72,0
2519,2519.0,537,854387.0,1556.2604735883424,0.15434561724875945,74,38,13,36,72,36,1,36,0,38,72,18,0,31,72,0
2520,2520.0,536,854889.0,1557.1748633879781,0.16947834474296136,74,38,12,36,72,36,1,36,0,38,72,18,0,31,72,0
2521,2521.0,534,855391.0,1555.2563636363636,0.2129011192082233,74,38,10,36,72,36,1,36,0,38,72,18,0,31,72,0
2522,2522.0,532,855891.0,1556.1654545454546,0.23340010945815115,74,38,8,36,72,36,1,36,0,38,72,18,0,31,72,0
2523,2523.0,531,856392.0,1557.0763636363636,0.2585968234305799,74,38,7,36,72,36,1,36,0,38,72,18,0,31,72,0
2524,2524.0,530,856906.0,1558.010909090909,0.2861253825434404,74,38,6,36,72,36,1,36,0,38,72,18,0,31,72,0
2525,2525.0,528,857404.0,1558.9163636363637,0.29491275551400703,74,38,4,36,72,36,1,36,0,38,72,18,0,31,72,0
2526,2526.0,527,857911.0,1559.8381818181817,0.29853314895620914,74,38,3,36,72,36,1,36,0,38,72,18,0,31,72,0
2527,2527.0,527,858426.0,1557.9419237749546,0.31419372339376733,74,38,3,36,72,36,1,36,0,38,72,18,0,31,72,0
2528,2528.0,526,858947.0,1558.8874773139746,0.30765031787351493,74,38,2,36,72,36,1,36,0,38,72,18,0,31,72,0
2529,2529.0,527,859474.0,1559.8439201451906,0.29640225412418336,74,38,3,36,72,36,1,36,0,38,72,18,0,31,72,0
2530,2530.0,529,860003.0,1560.8039927404718,0.2714212099273056,74,38,5,36,72,36,1,36,0,38,72,18,0,31,72,0
2531,2531.0,530,860533.0,1561.765880217786,0.2423158548005331,74,38,6,36,72,36,1,36,0,38,72,18,0,31,72,0
2532,2532.0,532,861065.0,1562.7313974591652,0.20219958228282572,74,38,8,36,72,36,1,36,0,38,72,18,0,31,72,0
2533,2533.0,534,861599.0,1560.8677536231885,0.18648620362697682,74,38,8,36,72,36,3,36,0,38,72,18,0,31,72,0
2534,2534.0,536,862135.0,1561.838768115942,0.15081172158126718,74,38,10,36,72,36,3,36,0,38,72,18,0,31,72,0
2535,2535.0,535,862645.0,1562.7626811594203,0.13888196167489117,74,38,10,36,72,36,2,36,0,38,72,18,0,31,72,0
2536,2536.0,535,863176.0,1563.7246376811595,0.13713874669912104,74,38,12,36,72,36,0,36,0,38,72,18,0,31,72,0
2537,2537.0,538,863714.0,1564.6992753623188,0.14870168897209088,74,38,15,36,72,36,0,36,0,38,72,18,0,31,72,0
2538,2538.0,538,864252.0,1565.6739130434783,0.1676586480011952,74,38,15,36,72,36,0,36,0,38,72,18,0,31,72,0
2539,2539.0,538,864788.0,1563.8119349005424,0.2190645901516266,74,38,15,36,72,36,0,36,0,38,72,18,0,31,72,0
2540,2540.0,540,865328.0,1564.7884267631102,0.23547753379130318,74,38,17,36,72,36,0,36,0,38,72,18,0,31,72,0
2541,2541.0,540,865868.0,1565.764918625678,0.2568644164869716,74,38,17,36,72,36,0,36,0,38,72,18,0,31,72,0
2542,2542.0,540,866408.0,1566.741410488246,0.26356660891173816,74,38,17,36,72,36,0,36,0,38,72,18,0,31,72,0
2543,2543.0,540,866948.0,1567.7179023508138,0.2552135705980356,74,38,17,36,72,36,0,36,0,38,72,18,0,31,72,0
2544,2544.0,540,867488.0,1568.6943942133817,0.24666117964747467,74,38,17,36,72,36,0,36,0,38,72,18,0,31,72,0
2545,2545.0,541,868029.0,1566.8393501805053,0.2690961334764886,74,38,17,36,72,36,1,36,0,38,72,18,0,31,72,0
2546,2546.0,541,868570.0,1567.8158844765344,0.2675905261110349,74,38,17,36,72,36,1,36,0,38,72,18,0,31,72,0
2547,2547.0,542,869112.0,1568.7942238267149,0.2630693771830263,74,38,18,36,72,36,1,36,0,38,72,18,0,31,72,0
2548,2548.0,542,869654.0,1569.7725631768953,0.2491158930465168,74,38,18,36,72,36,1,36,0,38,72,18,0,31,72,0
2549,2549.0,542,870196.0,1573.5913200723328,0.21336807537656702,74,38,18,36,72,36,1,36,0,38,72,18,0,31,72,0
2550,2550.0,542,870738.0,1577.4239130434783,0.17458360476761095,74,38,18,36,72,36,1,36,0,38,72,18,0,31,72,0
2551,2551.0,542,871280.0,1575.5515370705243,0.18726581049393337,74,38,18,36,72,36,1,36,0,38,72,18,0,31,72,0
2552,2552.0,543,871823.0,1579.3894927536232,0.1546365842477586,74,38,19,36,72,36,1,36,0,38,72,18,0,31,72,0
2553,2553.0,544,872367.0,1580.375,0.15494302946770988,74,38,19,36,72,36,1,36,1,38,72,18,0,31,72,0
2554,2554.0,545,872912.0,1587.1127272727272,0.11190882905488503,74,38,20,36,72,36,1,36,1,38,72,18,0,31,72,0
2555,2555.0,545,873457.0,1588.1036363636363,0.09876833275142469,74,38,20,36,72,36,1,36,1,38,72,18,0,31,72,0
2556,2556.0,544,873998.0,1591.9817850637523,0.07578410990942791,74,38,20,36,72,36,1,36,0,38,72,18,0,31,72,0
2557,2557.0,544,874542.0,1590.0763636363636,0.10358207334787414,74,38,20,36,72,36,1,36,0,38,72,18,0,31,72,0
2558,2558.0,545,875087.0,1591.0672727272727,0.10482270239213229,74,38,21,36,72,36,1,36,0,38,72,18,0,31,72,0
2559,2559.0,545,875632.0,1592.0581818181818,0.11107262611231389,74,38,21,36,72,36,1,36,0,38,72,18,0,31,72,0
2560,2560.0,545,876177.0,1593.0490909090909,0.1150441187019851,74,38,21,36,72,36,1,36,0,38,72,18,0,31,72,0
2561,2561.0,545,876722.0,1594.04,0.11719885026399326,74,38,21,36,72,36,1,36,0,38,72,18,0,31,72,0
2562,2562.0,543,877195.0,1594.9,0.11430121190004384,74,38,19,36,72,36,1,36,0,38,72,18,0,31,72,0
2563,2563.0,541,877669.0,1592.8656987295826,0.1526896978033477,74,38,17,36,72,36,1,36,0,38,72,18,0,31,72,0
2564,2564.0,539,878141.0,1593.7223230490017,0.16176967407866227,74,38,15,36,72,36,1,36,0,38,72,18,0,31,72,0
2565,2565.0,537,878612.0,1594.5771324863883,0.18094343006789698,74,38,13,36,72,36,1,36,0,38,72,18,0,31,72,0
2566,2566.0,536,879084.0,1595.4337568058077,0.2101717235421034,74,38,12,36,72,36,1,36,0,38,72,18,0,31,72,0
2567,2567.0,534,879556.0,1596.2903811252268,0.2429357722417778,74,38,10,36,72,36,1,36,0,38,72,18,0,31,72,0
2568,2568.0,532,880026.0,1597.1433756805807,0.27944240803328146,74,38,8,36,72,36,1,36,0,38,72,18,0,31,72,0
2569,2569.0,530,880497.0,1595.1032608695652,0.3312137208126059,74,38,6,36,72,36,1,36,0,38,72,18,0,31,72,0
2570,2570.0,528,880972.0,1595.963768115942,0.3386554080952321,74,38,4,36,72,36,1,36,0,38,72,18,0,31,72,0
2571,2571.0,527,881482.0,1596.8876811594203,0.3316655673250011,74,38,3,36,72,36,1,36,0,38,72,18,0,31,72,0
2572,2572.0,527,881989.0,1597.8061594202898,0.31528503714702566,74,38,3,36,72,36,1,36,0,38,72,18,0,31,72,0
2573,2573.0,527,882494.0,1598.7210144927535,0.3140194729078575,74,38,3,36,72,36,1,36,0,38,72,18,0,31,72,0
2574,2574.0,528,883022.0,1599.677536231884,0.2985064736452996,74,38,4,36,72,36,1,36,0,38,72,18,0,31,72,0
2575,2575.0,529,883551.0,1597.741410488246,0.3013758473434139,74,38,5,36,72,36,1,36,0,38,72,18,0,31,72,0
2576,2576.0,530,884081.0,1598.6998191681737,0.2780611710008213,74,38,6,36,72,36,1,36,0,38,72,18,0,31,72,0
2577,2577.0,530,884579.0,1599.6003616636528,0.24972076935802207,74,38,7,36,72,36,0,36,0,38,72,18,0,31,72,0
2578,2578.0,531,885110.0,1600.5605786618444,0.24588835789410288,74,38,8,36,72,36,0,36,0,38,72,18,0,31,72,0
2579,2579.0,532,885642.0,1601.5226039783001,0.23359006816228253,74,38,9,36,72,36,0,36,0,38,72,18,0,31,72,0
2580,2580.0,533,886175.0,1602.48643761302,0.22771015684691343,74,38,10,36,72,36,0,36,0,38,72,18,0,31,72,0
2581,2581.0,535,886710.0,1600.5595667870036,0.2523902684908019,74,38,12,36,72,36,0,36,0,38,72,18,0,31,72,0
2582,2582.0,537,887247.0,1601.5288808664259,0.2497676371725386,74,38,14,36,72,36,0,36,0,38,72,18,0,31,72,0
2583,2583.0,538,887785.0,1602.5,0.24521688744925005,74,38,15,36,72,36,0,36,0,38,72,18,0,31,72,0
2584,2584.0,539,888324.0,1603.4729241877255,0.23940963950418018,74,38,16,36,72,36,0,36,0,38,72,18,0,31,72,0
2585,2585.0,539,888863.0,1604.4458483754513,0.2309622118412091,74,38,16,36,72,36,0,36,0,38,72,18,0,31,72,0
2586,2586.0,542,889405.0,1605.4241877256318,0.22843386008882424,74,38,18,36,72,36,1,36,0,38,72,18,0,31,72,0
2587,2587.0,543,889948.0,1603.50990990991,0.2537929633378793,74,38,19,36,72,36,1,36,0,38,72,18,0,31,72,0
2588,2588.0,544,890492.0,1604.49009009009,0.2534098218159703,74,38,20,36,72,36,1,36,0,38,72,18,0,31,72,0
2589,2589.0,542,891001.0,1608.3050541516245,0.22849454534712443,74,38,18,36,72,36,1,36,0,38,72,18,0,31,72,0
2590,2590.0,540,891508.0,1609.2202166064983,0.24335146549978848,74,38,16,36,72,36,1,36,0,38,72,18,0,31,72,0
2591,2591.0,538,892015.0,1613.0470162748643,0.24127812154801906,74,38,14,36,72,36,1,36,0,38,72,18,0,31,72,0
2592,2592.0,536,892522.0,1613.9638336347198,0.2620242416307091,74,38,12,36,72,36,1,36,0,38,72,18,0,31,72,0
2593,2593.0,534,893029.0,1611.9657039711192,0.30667023348758005,74,38,10,36,72,36,1,36,0,38,72,18,0,31,72,0
2594,2594.0,532,893535.0,1618.7228260869565,0.28791886568340386,74,38,8,36,72,36,1,36,0,38,72,18,0,31,72,0
2595,2595.0,530,894039.0,1625.5254545454545,0.27148861600920315,74,38,6,36,72,36,1,36,0,38,72,18,0,31,72,0
2596,2596.0,528,894542.0,1626.44,0.29942485431579063,74,38,4,36,72,36,1,36,0,38,72,18,0,31,72,0
2597,2597.0,526,895046.0,1627.3563636363635,0.30359150505519417,74,38,2,36,72,36,1,36,0,38,72,18,0,31,72,0
2598,2598.0,525,895548.0,1628.269090909091,0.3122132786105977,74,38,2,36,72,36,0,36,0,38,72,18,0,31,72,0
2599,2599.0,523,896059.0,1626.2413793103449,0.3351444981963276,74,38,0,36,72,36,0,36,0,38,72,18,0,31,72,0
2600,2600.0,525,896584.0,1627.1941923774955,0.33327775508333696,74,38,2,36,72,36,0,36,0,38,72,18,0,31,72,0
2601,2601.0,525,897109.0,1628.147005444646,0.3308867523634075,74,38,2,36,72,36,0,36,0,38,72,18,0,31,72,0
2602,2602.0,526,897635.0,1629.1016333938294,0.3210987035084642,74,38,3,36,72,36,0,36,0,38,72,18,0,31,72,0
2603,2603.0,527,898162.0,1630.0580762250454,0.309274301675621,74,38,4,36,72,36,0,36,0,38,72,18,0,31,72,0
2604,2604.0,529,898691.0,1631.0181488203266,0.2972164780320446,74,38,6,36,72,36,0,36,0,38,72,18,0,31,72,0
2605,2605.0,530,899221.0,1629.0235507246377,0.31432996942380415,74,38,7,36,72,36,0,36,0,38,72,18,0,31,72,0
2606,2606.0,531,899752.0,1629.9855072463768,0.29150396598714406,74,38,8,36,72,36,0,36,0,38,72,18,0,31,72,0
2607,2607.0,532,900284.0,1630.9492753623188,0.2701455883422528,74,38,9,36,72,36,0,36,0,38,72,18,0,31,72,0
2608,2608.0,533,900817.0,1631.9148550724638,0.2417152095310309,74,38,10,36,72,36,0,36,0,38,72,18,0,31,72,0
2609,2609.0,536,901353.0,1632.8858695652175,0.22905508606791206,74,38,12,36,72,36,1,36,0,38,72,18,0,31,72,0
2610,2610.0,539,901892.0,1633.8623188405797,0.2164456245385761,74,38,13,36,72,36,3,36,0,38,72,18,0,31,72,0
2611,2611.0,541,902433.0,1631.886075949367,0.23142579084975667,74,38,15,36,72,36,3,36,0,38,72,18,0,31,72,0
2612,2612.0,542,902975.0,1635.8242753623188,0.2059325102575391,74,38,16,36,72,36,3,36,0,38,72,18,0,31,72,0
2613,2613.0,542,903517.0,1636.8061594202898,0.19481217557839695,74,38,16,36,72,36,3,36,0,38,72,18,0,31,72,0
2614,2614.0,543,904060.0,1640.7622504537205,0.1543887704094805,74,38,17,36,72,36,3,36,0,38,72,18,0,31,72,0
2615,2615.0,544,904604.0,1644.7345454545455,0.12200606851381128,74,38,18,36,72,36,3,36,0,38,72,18,0,31,72,0
2616,2616.0,545,905149.0,1648.7231329690346,0.09952517910065131,74,38,19,36,72,36,3,36,0,38,72,18,0,31,72,0
2617,2617.0,545,905694.0,1646.7163636363637,0.12460472098827627,74,38,19,36,72,36,3,36,0,38,72,18,0,31,72,0
2618,2618.0,545,906239.0,1647.7072727272728,0.11995160286225906,74,38,19,36,72,36,3,36,0,38,72,18,0,31,72,0
2619,2619.0,545,906784.0,1648.6981818181819,0.12290623343286515,74,38,19,36,72,36,3,36,0,38,72,18,0,31,72,0
2620,2620.0,545,907329.0,1649.689090909091,0.1171493873940663,74,38,19,36,72,36,3,36,0,38,72,18,0,31,72,0
2621,2621.0,545,907874.0,1650.68,0.11939452360928307,74,38,19,36,72,36,3,36,0,38,72,18,0,31,72,0
2622,2622.0,541,908346.0,1651.5381818181818,0.13782424140219926,74,38,17,36,72,36,1,36,0,38,72,18,0,31,72,0
2623,2623.0,538,908830.0,1649.4192377495463,0.18850343609411968,74,38,15,36,72,36,0,36,0,38,72,18,0,31,72,0
2624,2624.0,536,909326.0,1650.3194192377496,0.21753875537187953,74,38,13,36,72,36,0,36,0,38,72,18,0,31,72,0
2625,2625.0,534,909821.0,1651.2177858439202,0.2400725969370529,74,38,11,36,72,36,0,36,0,38,72,18,0,31,72,0
2626,2626.0,532,910316.0,1652.1161524500908,0.2686102629044095,74,38,9,36,72,36,0,36,0,38,72,18,0,31,72,0
2627,2627.0,530,910810.0,1653.0127041742287,0.2990545410994521,74,38,7,36,72,36,0,36,0,38,72,18,0,31,72,0
2628,2628.0,528,911303.0,1653.907441016334,0.3217419717848139,74,38,5,36,72,36,0,36,0,38,72,18,0,31,72,0
2629,2629.0,527,911795.0,1651.802536231884,0.3671488992169601,74,38,4,36,72,36,0,36,0,38,72,18,0,31,72,0
2630,2630.0,525,912289.0,1652.697463768116,0.36420368683355303,74,38,2,36,72,36,0,36,0,38,72,18,0,31,72,0
2631,2631.0,525,912814.0,1653.6485507246377,0.3639914915450989,74,38,2,36,72,36,0,36,0,38,72,18,0,31,72,0
2632,2632.0,525,913323.0,1654.570652173913,0.35384988905715176,74,38,2,36,72,36,0,36,0,38,72,18,0,31,72,0
2633,2633.0,525,913844.0,1655.5144927536232,0.34936045963718126,74,38,2,36,72,36,0,36,0,38,72,18,0,31,72,0
2634,2634.0,525,914369.0,1656.465579710145,0.35006012642131185,74,38,2,36,72,36,0,36,0,38,72,18,0,31,72,0
2635,2635.0,528,914897.0,1654.4249547920433,0.3638321978281291,74,38,5,36,72,36,0,36,0,38,72,18,0,31,72,0
2636,2636.0,529,915426.0,1658.3804347826087,0.3201815614391733,74,38,6,36,72,36,0,36,0,38,72,18,0,31,72,0
2637,2637.0,529,915955.0,1662.3502722323049,0.2644501375776705,74,38,6,36,72,36,0,36,0,38,72,18,0,31,72,0
2638,2638.0,530,916485.0,1663.312159709619,0.22226653643670277,74,38,7,36,72,36,0,36,0,38,72,18,0,31,72,0
2639,2639.0,533,917018.0,1664.2794918330308,0.18099075622805336,74,38,9,36,72,36,1,36,0,38,72,18,0,31,72,0
2640,2640.0,533,917550.0,1668.2727272727273,0.1399188291013597,74,38,10,36,72,36,0,36,0,38,72,18,0,31,72,0
2641,2641.0,535,918085.0,1666.2159709618875,0.16891131976274426,74,38,12,36,72,36,0,36,0,38,72,18,0,31,72,0
2642,2642.0,536,918621.0,1667.1887477313974,0.17226473506566198,74,38,13,36,72,36,0,36,0,38,72,18,0,31,72,0
2643,2643.0,537,919158.0,1668.1633393829402,0.1931099329851407,74,38,14,36,72,36,0,36,0,38,72,18,0,31,72,0
2644,2644.0,538,919696.0,1669.1397459165155,0.21136138642116895,74,38,15,36,72,36,0,36,0,38,72,18,0,31,72,0
2645,2645.0,539,920235.0,1670.1179673321235,0.22818340103836357,74,38,16,36,72,36,0,36,0,38,72,18,0,31,72,0
2646,2646.0,540,920775.0,1671.098003629764,0.2309598789540853,74,38,17,36,72,36,0,36,0,38,72,18,0,31,72,0
2647,2647.0,540,921315.0,1669.0489130434783,0.2709582422069371,74,38,17,36,72,36,0,36,0,38,72,18,0,31,72,0
2648,2648.0,540,921855.0,1670.0271739130435,0.2604992093318724,74,38,17,36,72,36,0,36,0,38,72,18,0,31,72,0
2649,2649.0,540,922395.0,1671.0054347826087,0.2605898503613974,74,38,17,36,72,36,0,36,0,38,72,18,0,31,72,0
2650,2650.0,540,922935.0,1671.983695652174,0.2592789141095948,74,38,17,36,72,36,0,36,0,38,72,18,0,31,72,0
2651,2651.0,541,923476.0,1672.963768115942,0.2529798676872378,74,38,18,36,72,36,0,36,0,38,72,18,0,31,72,0
2652,2652.0,539,923976.0,1673.8695652173913,0.2499999792748176,74,38,16,36,72,36,0,36,0,38,72,18,0,31,72,0
2653,2653.0,537,924477.0,1671.748643761302,0.27481591595744626,74,38,14,36,72,36,0,36,0,38,72,18,0,31,72,0
2654,2654.0,536,924976.0,1675.6811594202898,0.27264269827874554,74,38,13,36,72,36,0,36,0,38,72,18,0,31,72,0
2655,2655.0,534,925477.0,1679.6315789473683,0.2731592655845719,74,38,11,36,72,36,0,36,0,38,72,18,0,31,72,0
2656,2656.0,532,925976.0,1683.5927272727272,0.2696953878380201,74,38,9,36,72,36,0,36,0,38,72,18,0,31,72,0
2657,2657.0,530,926474.0,1690.64598540146,0.25583877425344864,74,38,7,36,72,36,0,36,0,38,72,18,0,31,72,0
2658,2658.0,528,926971.0,1691.552919708029,0.27955945386996306,74,38,5,36,72,36,0,36,0,38,72,18,0,31,72,0
2659,2659.0,527,927469.0,1692.4616788321168,0.3022284423028021,74,38,4,36,72,36,0,36,0,38,72,18,0,31,72,0
2660,2660.0,526,927981.0,1693.39598540146,0.32251041906185546,74,38,3,36,72,36,0,36,0,38,72,18,0,31,72,0
2661,2661.0,524,928488.0,1694.3211678832117,0.32573265335639545,74,38,1,36,72,36,0,36,0,38,72,18,0,31,72,0
2662,2662.0,524,929009.0,1695.271897810219,0.31757703173483776,74,38,1,36,72,36,0,36,0,38,72,18,0,31,72,0
2663,2663.0,525,929534.0,1696.2299270072992,0.3058854833955365,74,38,2,36,72,36,0,36,0,38,72,18,0,31,72,0
2664,2664.0,526,930060.0,1697.1897810218977,0.2974129997146342,74,38,3,36,72,36,0,36,0,38,72,18,0,31,72,0
2665,2665.0,528,930588.0,1695.0601092896175,0.3106526868178685,74,38,5,36,72,36,0,36,0,38,72,18,0,31,72,0
2666,2666.0,529,931117.0,1696.0236794171221,0.2990411334688264,74,38,6,36,72,36,0,36,0,38,72,18,0,31,72,0
2667,2667.0,530,931647.0,1696.9890710382513,0.28171453457272166,74,38,7,36,72,36,0,36,0,38,72,18,0,31,72,0
2668,2668.0,532,932179.0,1697.9581056466302,0.26591221957493233,74,38,9,36,72,36,0,36,0,38,72,18,0,31,72,0
2669,2669.0,533,932712.0,1698.9289617486338,0.24777352424374294,74,38,10,36,72,36,0,36,0,38,72,18,0,31,72,0
2670,2670.0,533,933245.0,1699.8998178506374,0.22782038815342484,74,38,10,36,72,36,0,36,0,38,72,18,0,31,72,0
2671,2671.0,535,933780.0,1697.7818181818182,0.2456545395727273,74,38,12,36,72,36,0,36,0,38,72,18,0,31,72,0
2672,2672.0,536,934316.0,1698.7563636363636,0.23606498389253236,74,38,13,36,72,36,0,36,0,38,72,18,0,31,72,0
2673,2673.0,538,934854.0,1699.7345454545455,0.23144248287389443,74,38,15,36,72,36,0,36,0,38,72,18,0,31,72,0
2674,2674.0,539,935393.0,1700.7145454545455,0.22839966931235356,74,38,16,36,72,36,0,36,0,38,72,18,0,31,72,0
2675,2675.0,539,935932.0,1701.6945454545455,0.21691996496203372,74,38,16,36,72,36,0,36,0,38,72,18,0,31,72,0
2676,2676.0,540,936472.0,1702.6763636363637,0.20769481727972783,74,38,17,36,72,36,0,36,0,38,72,18,0,31,72,0
2677,2677.0,540,937012.0,1700.5662431941923,0.22914831088638674,74,38,17,36,72,36,0,36,0,38,72,18,0,31,72,0
2678,2678.0,541,937553.0,1701.5480943738658,0.22260519654276834,74,38,17,36,72,36,0,36,0,38,72,18,1,31,72,0
2679,2679.0,540,938092.0,1705.621818181818,0.20457869503720943,74,38,17,36,72,36,0,36,0,38,72,18,0,31,72,0
2680,2680.0,540,938632.0,1709.712204007286,0.18801329389372282,74,38,17,36,72,36,0,36,0,38,72,18,0,31,72,0
2681,2681.0,540,939172.0,1713.8175182481752,0.17049458982882004,74,38,17,36,72,36,0,36,0,38,72,18,0,31,72,0
2682,2682.0,540,939712.0,1721.084249084249,0.13040512861549924,74,38,17,36,72,36,0,36,0,38,72,18,0,31,72,0
2683,2683.0,540,940252.0,1718.925045703839,0.1625888893359705,74,38,17,36,72,36,0,36,0,38,72,18,0,31,72,0
2684,2684.0,540,940792.0,1723.062271062271,0.1407704340381597,74,38,17,36,72,36,0,36,0,38,72,18,0,31,72,0
2685,2685.0,540,941332.0,1724.051282051282,0.14213097965918256,74,38,17,36,72,36,0,36,0,38,72,18,0,31,72,0
2686,2686.0,540,941872.0,1725.0402930402931,0.14468178822068273,74,38,17,36,72,36,0,36,0,38,72,18,0,31,72,0
2687,2687.0,540,942412.0,1726.029304029304,0.1381272907906601,74,38,17,36,72,36,0,36,0,38,72,18,0,31,72,0
2688,2688.0,540,942952.0,1727.018315018315,0.1351696387928496,74,38,17,36,72,36,0,36,0,38,72,18,0,31,72,0
2689,2689.0,540,943492.0,1724.8482632541134,0.1481005547845055,74,38,17,36,72,36,0,36,0,38,72,18,0,31,72,0
2690,2690.0,540,944032.0,1725.835466179159,0.13966053818420615,74,38,17,36,72,36,0,36,0,38,72,18,0,31,72,0
2691,2691.0,538,944513.0,1726.7148080438758,0.13526607018989414,74,38,15,36,72,36,0,36,0,38,72,18,0,31,72,0
2692,2692.0,537,944995.0,1727.5959780621572,0.14249051597365764,74,38,14,36,72,36,0,36,0,38,72,18,0,31,72,0
2693,2693.0,535,945475.0,1728.473491773309,0.1569650919246099,74,38,12,36,72,36,0,36,0,38,72,18,0,31,72,0
2694,2694.0,533,945955.0,1729.3510054844608,0.17885152841680055,74,38,10,36,72,36,0,36,0,38,72,18,0,31,72,0
2695,2695.0,532,946434.0,1727.0693430656934,0.22234958383759082,74,38,9,36,72,36,0,36,0,38,72,18,0,31,72,0
2696,2696.0,530,946914.0,1727.9452554744526,0.24617611368845596,74,38,7,36,72,36,0,36,0,38,72,18,0,31,72,0
2697,2697.0,528,947393.0,1728.8193430656934,0.26119264638682865,74,38,5,36,72,36,0,36,0,38,72,18,0,31,72,0
2698,2698.0,526,947870.0,1729.6897810218977,0.2806603648612823,74,38,3,36,72,36,0,36,0,38,72,18,0,31,72,0
2699,2699.0,526,948389.0,1730.6368613138686,0.28755792745240977,74,38,3,36,72,36,0,36,0,38,72,18,0,31,72,0
2700,2700.0,524,948884.0,1731.5401459854015,0.2841822331795188,74,38,1,36,72,36,0,36,0,38,72,18,0,31,72,0
2701,2701.0,524,949406.0,1729.3369763205828,0.30480983301704156,74,38,1,36,72,36,0,36,0,38,72,18,0,31,72,0
2702,2702.0,526,949932.0,1730.295081967213,0.29914551795577404,74,38,3,36,72,36,0,36,0,38,72,18,0,31,72,0
2703,2703.0,527,950459.0,1731.2550091074681,0.3028506602210638,74,38,3,36,72,36,0,36,0,38,72,18,1,31,72,0
2704,2704.0,529,950988.0,1732.2185792349726,0.2955308802832788,74,38,5,36,72,36,0,36,0,38,72,18,1,31,72,0
2705,2705.0,531,951519.0,1733.1857923497269,0.28225960712148973,74,38,7,36,72,36,0,36,0,38,72,18,1,31,72,0
2706,2706.0,532,952051.0,1734.1548269581056,0.2707167013684922,74,38,8,36,72,36,0,36,0,38,72,18,1,31,72,0
2707,2707.0,533,952584.0,1731.9709090909091,0.27430942313308393,74,38,9,36,72,36,0,36,0,38,72,18,1,31,72,0
2708,2708.0,533,953117.0,1732.94,0.2520334638933248,74,38,9,36,72,36,0,36,0,38,72,18,1,31,72,0
2709,2709.0,534,953645.0,1733.9,0.24010365863843164,74,38,11,36,72,36,0,36,0,38,72,18,0,31,72,0
2710,2710.0,534,954179.0,1734.870909090909,0.24362671943868985,74,38,11,36,72,36,0,36,0,38,72,18,0,31,72,0
2711,2711.0,536,954715.0,1735.8454545454545,0.2514920645338009,74,38,13,36,72,36,0,36,0,38,72,18,0,31,72,0
2712,2712.0,537,955252.0,1736.8218181818181,0.2622320654934568,74,38,14,36,72,36,0,36,0,38,72,18,0,31,72,0
2713,2713.0,538,955790.0,1734.6460980036297,0.2916428589177592,74,38,15,36,72,36,0,36,0,38,72,18,0,31,72,0
2714,2714.0,538,956328.0,1735.622504537205,0.2977903981670347,74,38,15,36,72,36,0,36,0,38,72,18,0,31,72,0
2715,2715.0,538,956866.0,1739.7563636363636,0.2740966358718635,74,38,15,36,72,36,0,36,0,38,72,18,0,31,72,0
2716,2716.0,538,957404.0,1740.7345454545455,0.2737666928883872,74,38,15,36,72,36,0,36,0,38,72,18,0,31,72,0
2717,2717.0,538,957942.0,1741.7127272727273,0.26822507397183754,74,38,15,36,72,36,0,36,0,38,72,18,0,31,72,0
2718,2718.0,538,958480.0,1745.8652094717668,0.2336327589561378,74,38,15,36,72,36,0,36,0,38,72,18,0,31,72,0
2719,2719.0,538,959018.0,1743.669090909091,0.24000744895660975,74,38,15,36,72,36,0,36,0,38,72,18,0,31,72,0
2720,2720.0,539,959557.0,1751.0164233576643,0.1786147056188166,74,38,16,36,72,36,0,36,0,38,72,18,0,31,72,0
2721,2721.0,539,960096.0,1752.0,0.1625879132593361,74,38,16,36,72,36,0,36,0,38,72,18,0,31,72,0
2722,2722.0,540,960636.0,1759.4065934065934,0.10632665092842558,74,38,17,36,72,36,0,36,0,38,72,18,0,31,72,0
2723,2723.0,540,961176.0,1760.3956043956043,0.10003456315667511,74,38,17,36,72,36,0,36,0,38,72,18,0,31,72,0
2724,2724.0,541,961717.0,1761.386446886447,0.09701101492643911,74,38,18,36,72,36,0,36,0,38,72,18,0,31,72,0
2725,2725.0,541,962258.0,1759.1553930530165,0.12320693513244473,74,38,18,36,72,36,0,36,0,38,72,18,0,31,72,0
2726,2726.0,542,962800.0,1760.1462522851918,0.12567619968696295,74,38,19,36,72,36,0,36,0,38,72,18,0,31,72,0
2727,2727.0,542,963342.0,1761.1371115173674,0.1236382087110214,74,38,19,36,72,36,0,36,0,38,72,18,0,31,72,0
2728,2728.0,542,963884.0,1762.127970749543,0.11981279326478937,74,38,19,36,72,36,0,36,0,38,72,18,0,31,72,0
2729,2729.0,542,964426.0,1763.1188299817184,0.12161254357394038,74,38,19,36,72,36,0,36,0,38,72,18,0,31,72,0
2730,2730.0,542,964968.0,1764.109689213894,0.11355971597902287,74,38,19,36,72,36,0,36,0,38,72,18,0,31,72,0
2731,2731.0,542,965510.0,1761.8795620437957,0.13283363690716732,74,38,19,36,72,36,0,36,0,38,72,18,0,31,72,0
2732,2732.0,542,966052.0,1762.8686131386862,0.11901546721570251,74,38,19,36,72,36,0,36,0,38,72,18,0,31,72,0
2733,2733.0,541,966530.0,1763.7408759124087,0.11332996291423246,74,38,18,36,72,36,0,36,0,38,72,18,0,31,72,0
2734,2734.0,540,967008.0,1764.6131386861314,0.11640343337677657,74,38,17,36,72,36,0,36,0,38,72,18,0,31,72,0
2735,2735.0,538,967485.0,1765.4835766423357,0.13498981838058166,74,38,15,36,72,36,0,36,0,38,72,18,0,31,72,0
2736,2736.0,536,967960.0,1766.3503649635036,0.15877407632277438,74,38,13,36,72,36,0,36,0,38,72,18,0,31,72,0
2737,2737.0,534,968436.0,1764.0,0.20687360733059162,74,38,11,36,72,36,0,36,0,38,72,18,0,31,72,0
2738,2738.0,532,968912.0,1764.8670309653917,0.24343055459204785,74,38,9,36,72,36,0,36,0,38,72,18,0,31,72,0
2739,2739.0,530,969387.0,1765.7322404371585,0.28221341488009366,74,38,7,36,72,36,0,36,0,38,72,18,0,31,72,0
2740,2740.0,528,969870.0,1766.6120218579235,0.31354847878534897,74,38,5,36,72,36,0,36,0,38,72,18,0,31,72,0
2741,2741.0,526,970358.0,1767.5009107468125,0.32753008072955625,74,38,3,36,72,36,0,36,0,38,72,18,0,31,72,0
2742,2742.0,524,970858.0,1768.4116575591986,0.33427491943920684,74,38,1,36,72,36,0,36,0,38,72,18,0,31,72,0
2743,2743.0,524,971382.0,1766.149090909091,0.3457295604388299,74,38,1,36,72,36,0,36,0,38,72,18,0,31,72,0
2744,2744.0,525,971896.0,1767.0836363636363,0.34508316894176616,74,38,2,36,72,36,0,36,0,38,72,18,0,31,72,0
2745,2745.0,526,972422.0,1768.04,0.332333378884023,74,38,3,36,72,36,0,36,0,38,72,18,0,31,72,0
2746,2746.0,527,972949.0,1768.9981818181818,0.31677072375768395,74,38,4,36,72,36,0,36,0,38,72,18,0,31,72,0
2747,2747.0,528,973477.0,1769.9581818181819,0.30839397888384473,74,38,5,36,72,36,0,36,0,38,72,18,0,31,72,0
2748,2748.0,530,974007.0,1770.9218181818183,0.2843612021060603,74,38,7,36,72,36,0,36,0,38,72,18,0,31,72,0
2749,2749.0,531,974538.0,1768.6715063520871,0.29960714913639974,74,38,8,36,72,36,0,36,0,38,72,18,0,31,72,0
2750,2750.0,532,975070.0,1769.6370235934664,0.2839499196414366,74,38,9,36,72,36,0,36,0,38,72,18,0,31,72,0
2751,2751.0,534,975604.0,1770.6061705989111,0.2751721522850118,74,38,11,36,72,36,0,36,0,38,72,18,0,31,72,0
2752,2752.0,534,976138.0,1771.5753176043556,0.26160677510676594,74,38,11,36,72,36,0,36,0,38,72,18,0,31,72,0
2753,2753.0,535,976673.0,1772.546279491833,0.24666549044176886,74,38,12,36,72,36,0,36,0,38,72,18,0,31,72,0
2754,2754.0,537,977210.0,1773.5208711433756,0.24148351867821724,74,38,14,36,72,36,0,36,0,38,72,18,0,31,72,0
2755,2755.0,538,977748.0,1771.2826086956522,0.26319446315079187,74,38,15,36,72,36,0,36,0,38,72,18,0,31,72,0
2756,2756.0,540,978288.0,1772.2608695652175,0.2641061634721801,74,38,17,36,72,36,0,36,0,38,72,18,0,31,72,0
2757,2757.0,540,978828.0,1776.4573502722324,0.2395024635197263,74,38,17,36,72,36,0,36,0,38,72,18,0,31,72,0
2758,2758.0,541,979369.0,1780.6709090909092,0.20612516691973953,74,38,18,36,72,36,0,36,0,38,72,18,0,31,72,0
2759,2759.0,541,979910.0,1784.8998178506374,0.17509888569856674,74,38,18,36,72,36,0,36,0,38,72,18,0,31,72,0
2760,2760.0,541,980451.0,1785.8852459016393,0.16361366232203461,74,38,18,36,72,36,0,36,0,38,72,18,0,31,72,0
2761,2761.0,541,980992.0,1783.621818181818,0.18489769677493073,74,38,18,36,72,36,0,36,0,38,72,18,0,31,72,0
2762,2762.0,542,981534.0,1784.6072727272726,0.18380895674301845,74,38,19,36,72,36,0,36,0,38,72,18,0,31,72,0
2763,2763.0,542,982076.0,1792.109489051095,0.13927534974781272,74,38,19,36,72,36,0,36,0,38,72,18,0,31,72,0
2764,2764.0,542,982618.0,1793.0985401459855,0.14131933677391942,74,38,19,36,72,36,0,36,0,38,72,18,0,31,72,0
2765,2765.0,542,983160.0,1797.367458866545,0.10870713873183038,74,38,19,36,72,36,0,36,0,38,72,18,0,31,72,0
2766,2766.0,542,983702.0,1798.3583180987202,0.11020782405012843,74,38,19,36,72,36,0,36,0,38,72,18,0,31,72,0
2767,2767.0,542,984244.0,1796.065693430657,0.1333450944806777,74,38,19,36,72,36,0,36,0,38,72,18,0,31,72,0
2768,2768.0,542,984786.0,1797.0547445255474,0.1250519190035694,74,38,19,36,72,36,0,36,0,38,72,18,0,31,72,0
2769,2769.0,541,985277.0,1797.9507299270074,0.12982135382381593,74,38,18,36,72,36,0,36,0,38,72,18,0,31,72,0
2770,2770.0,539,985767.0,1798.844890510949,0.13335277189257055,74,38,16,36,72,36,0,36,0,38,72,18,0,31,72,0
2771,2771.0,537,986257.0,1799.7390510948906,0.14173939325918763,74,38,14,36,72,36,0,36,0,38,72,18,0,31,72,0
2772,2772.0,535,986745.0,1800.6295620437957,0.15774693052148092,74,38,12,36,72,36,0,36,0,38,72,18,0,31,72,0
2773,2773.0,533,987233.0,1798.2386156648452,0.21681423973896893,74,38,10,36,72,36,0,36,0,38,72,18,0,31,72,0
2774,2774.0,531,987720.0,1799.1256830601094,0.25205299973970047,74,38,8,36,72,36,0,36,0,38,72,18,0,31,72,0
2775,2775.0,530,988208.0,1800.014571948998,0.2889787323973226,74,38,7,36,72,36,0,36,0,38,72,18,0,31,72,0
2776,2776.0,528,988695.0,1800.9016393442623,0.31117331242282337,74,38,5,36,72,36,0,36,0,38,72,18,0,31,72,0
2777,2777.0,526,989181.0,1801.7868852459017,0.3157950977307617,74,38,3,36,72,36,0,36,0,38,72,18,0,31,72,0
2778,2778.0,525,989681.0,1802.6976320582878,0.3036201336533685,74,38,2,36,72,36,0,36,0,38,72,18,0,31,72,0
2779,2779.0,527,990208.0,1800.378181818182,0.3138783795159383,74,38,3,36,72,36,0,36,1,38,72,18,0,31,72,0
2780,2780.0,526,990729.0,1801.3254545454545,0.3081837924499653,74,38,2,36,72,36,0,36,1,38,72,18,0,31,72,0
2781,2781.0,527,991256.0,1802.2836363636363,0.29246907884107437,74,38,3,36,72,36,0,36,1,38,72,18,0,31,72,0
2782,2782.0,527,991783.0,1803.2418181818182,0.26259097078815247,74,38,3,36,72,36,0,36,1,38,72,18,0,31,72,0
2783,2783.0,529,992312.0,1804.2036363636364,0.21760740926210467,74,38,5,36,72,36,0,36,1,38,72,18,0,31,72,0
2784,2784.0,530,992842.0,1805.1672727272728,0.16906003862520153,74,38,6,36,72,36,0,36,1,38,72,18,0,31,72,0
2785,2785.0,530,993372.0,1802.852994555354,0.1413406307398686,74,38,6,36,72,36,0,36,1,38,72,18,0,31,72,0
2786,2786.0,534,993906.0,1803.8221415607986,0.11062643224325308,74,38,8,36,72,36,1,36,2,38,72,18,0,31,72,0
2787,2787.0,536,994433.0,1804.7785843920144,0.09504752975324181,74,38,10,36,72,36,3,36,0,38,72,18,0,31,72,0
2788,2788.0,538,994971.0,1805.75499092559,0.08765372890816515,74,38,11,36,72,36,4,36,0,38,72,18,0,31,72,0
2789,2789.0,540,995511.0,1806.7350272232304,0.09262233848838039,74,38,13,36,72,36,4,36,0,38,72,18,0,31,72,0
2790,2790.0,541,996052.0,1807.7168784029038,0.09859586111832468,74,38,13,36,72,36,5,36,0,38,72,18,0,31,72,0
2791,2791.0,544,996596.0,1805.427536231884,0.12539301503248648,74,38,15,36,72,36,6,36,0,38,72,18,0,31,72,0
2792,2792.0,545,997141.0,1806.4148550724638,0.1239576243573434,74,38,16,36,72,36,6,36,0,38,72,18,0,31,72,0
2793,2793.0,546,997687.0,1807.4039855072465,0.1255310577290413,74,38,17,36,72,36,6,36,0,38,72,18,0,31,72,0
2794,2794.0,546,998233.0,1808.393115942029,0.12681162083458467,74,38,17,36,72,36,6,36,0,38,72,18,0,31,72,0
2795,2795.0,547,998780.0,1809.3840579710145,0.1301527535056268,74,38,18,36,72,36,6,36,0,38,72,18,0,31,72,0
2796,2796.0,547,999327.0,1810.375,0.1284960690273952,74,38,18,36,72,36,6,36,0,38,72,18,0,31,72,0
2797,2797.0,547,999874.0,1808.0904159132008,0.15695294138723628,74,38,18,36,72,36,6,36,0,38,72,18,0,31,72,0
2798,2798.0,547,1000421.0,1809.0795660036167,0.1532456639195556,74,38,18,36,72,36,6,36,0,38,72,18,0,31,72,0
2799,2799.0,545,1000941.0,1810.0198915009041,0.16179883634423567,74,38,18,36,72,36,4,36,0,38,72,18,0,31,72,0
2800,2800.0,543,1001459.0,1810.9566003616637,0.1720148982300119,74,38,18,36,72,36,2,36,0,38,72,18,0,31,72,0
2801,2801.0,541,1001979.0,1811.8969258589511,0.19238509152617878,74,38,18,36,72,36,0,36,0,38,72,18,0,31,72,0
2802,2802.0,541,1002520.0,1812.875226039783,0.2137295770272104,74,38,18,36,72,36,0,36,0,38,72,18,0,31,72,0
2803,2803.0,541,1003061.0,1810.5794223826715,0.25765901988936063,74,38,18,36,72,36,0,36,0,38,72,18,0,31,72,0
2804,2804.0,541,1003602.0,1811.5559566787003,0.26654607558869275,74,38,18,36,72,36,0,36,0,38,72,18,0,31,72,0
2805,2805.0,541,1004143.0,1812.5324909747292,0.26867296224564013,74,38,18,36,72,36,0,36,0,38,72,18,0,31,72,0
2806,2806.0,541,1004684.0,1813.5090252707582,0.265602283142125,74,38,18,36,72,36,0,36,0,38,72,18,0,31,72,0
2807,2807.0,541,1005225.0,1814.485559566787,0.2659227520576224,74,38,18,36,72,36,0,36,0,38,72,18,0,31,72,0
2808,2808.0,542,1005767.0,1815.4638989169675,0.26572640800015285,74,38,19,36,72,36,0,36,0,38,72,18,0,31,72,0
2809,2809.0,543,1006310.0,1813.1711711711712,0.2814930196966961,74,38,20,36,72,36,0,36,0,38,72,18,0,31,72,0
2810,2810.0,543,1006853.0,1814.1495495495496,0.2776447115151471,74,38,20,36,72,36,0,36,0,38,72,18,0,31,72,0
2811,2811.0,543,1007396.0,1815.1279279279279,0.27464342660277974,74,38,20,36,72,36,0,36,0,38,72,18,0,31,72,0
2812,2812.0,544,1007940.0,1816.1081081081081,0.27073793371289107,74,38,21,36,72,36,0,36,0,38,72,18,0,31,72,0
2813,2813.0,544,1008484.0,1823.6600361663652,0.2160338416446931,74,38,21,36,72,36,0,36,0,38,72,18,0,31,72,0
2814,2814.0,542,1008955.0,1827.8170289855072,0.19134801043929997,74,38,19,36,72,36,0,36,0,38,72,18,0,31,72,0
2815,2815.0,540,1009429.0,1828.6757246376812,0.18931586970592099,74,38,17,36,72,36,0,36,0,38,72,18,0,31,72,0
2816,2816.0,538,1009902.0,1836.1854545454546,0.14509547364796127,74,38,15,36,72,36,0,36,0,38,72,18,0,31,72,0
2817,2817.0,537,1010377.0,1837.0490909090909,0.16226840387510683,74,38,14,36,72,36,0,36,0,38,72,18,0,31,72,0
2818,2818.0,535,1010851.0,1837.9109090909092,0.19277077209700502,74,38,12,36,72,36,0,36,0,38,72,18,0,31,72,0
2819,2819.0,534,1011323.0,1838.769090909091,0.22187867348446605,74,38,11,36,72,36,0,36,0,38,72,18,0,31,72,0
2820,2820.0,532,1011795.0,1839.6272727272728,0.24968894443048334,74,38,9,36,72,36,0,36,0,38,72,18,0,31,72,0
2821,2821.0,530,1012266.0,1837.1433756805807,0.30399325518531917,74,38,7,36,72,36,0,36,0,38,72,18,0,31,72,0
2822,2822.0,529,1012766.0,1838.0508166969148,0.3151883068033585,74,38,6,36,72,36,0,36,0,38,72,18,0,31,72,0
2823,2823.0,528,1013251.0,1838.9310344827586,0.3069811700741019,74,38,5,36,72,36,0,36,0,38,72,18,0,31,72,0
2824,2824.0,527,1013763.0,1839.8602540834845,0.30763413767110864,74,38,4,36,72,36,0,36,0,38,72,18,0,31,72,0
2825,2825.0,526,1014268.0,1840.776769509982,0.30181097409263036,74,38,3,36,72,36,0,36,0,38,72,18,0,31,72,0
2826,2826.0,527,1014788.0,1841.7205081669692,0.2973754938281492,74,38,4,36,72,36,0,36,0,38,72,18,0,31,72,0
2827,2827.0,527,1015315.0,1839.338768115942,0.3220126348479149,74,38,4,36,72,36,0,36,0,38,72,18,0,31,72,0
2828,2828.0,528,1015843.0,1840.2952898550725,0.31288828132274155,74,38,5,36,72,36,0,36,0,38,72,18,0,31,72,0
2829,2829.0,529,1016372.0,1841.2536231884058,0.2975963893717512,74,38,6,36,72,36,0,36,0,38,72,18,0,31,72,0
2830,2830.0,531,1016903.0,1842.215579710145,0.2832731105734874,74,38,8,36,72,36,0,36,0,38,72,18,0,31,72,0
2831,2831.0,532,1017435.0,1843.179347826087,0.26679773050808625,74,38,9,36,72,36,0,36,0,38,72,18,0,31,72,0
2832,2832.0,533,1017968.0,1844.144927536232,0.2599337291292098,74,38,10,36,72,36,0,36,0,38,72,18,0,31,72,0
2833,2833.0,535,1018503.0,1841.7775768535262,0.26992593266902026,74,38,12,36,72,36,0,36,0,38,72,18,0,31,72,0
2834,2834.0,537,1019040.0,1842.748643761302,0.26155106524328253,74,38,14,36,72,36,0,36,0,38,72,18,0,31,72,0
2835,2835.0,538,1019578.0,1843.7215189873418,0.2571141562779799,74,38,15,36,72,36,0,36,0,38,72,18,0,31,72,0
2836,2836.0,539,1020116.0,1844.6943942133817,0.2508457259466488,74,38,16,36,72,36,0,36,0,38,72,18,0,31,72,0
2837,2837.0,540,1020656.0,1845.6708860759493,0.2554953243425953,74,38,17,36,72,36,0,36,0,38,72,18,0,31,72,0
2838,2838.0,540,1021194.0,1846.6437613019891,0.2553238759644763,74,38,17,36,72,36,0,36,0,38,72,18,0,31,72,0
2839,2839.0,541,1021735.0,1844.2870036101083,0.27822422930707597,74,38,18,36,72,36,0,36,0,38,72,18,0,31,72,0
2840,2840.0,542,1022277.0,1845.2653429602888,0.26112538552459524,74,38,19,36,72,36,0,36,0,38,72,18,0,31,72,0
2841,2841.0,540,1022783.0,1852.8677536231885,0.20922359073315555,74,38,17,36,72,36,0,36,0,38,72,18,0,31,72,0
2842,2842.0,538,1023289.0,1857.1488203266788,0.19164809528390328,74,38,15,36,72,36,0,36,0,38,72,18,0,31,72,0
2843,2843.0,537,1023797.0,1861.449090909091,0.1760370592976273,74,38,14,36,72,36,0,36,0,38,72,18,0,31,72,0
2844,2844.0,535,1024304.0,1865.7632058287795,0.17409848509926337,74,38,12,36,72,36,0,36,0,38,72,18,0,31,72,0
2845,2845.0,534,1024811.0,1866.686703096539,0.20590217367189084,74,38,11,36,72,36,0,36,0,38,72,18,0,31,72,0
2846,2846.0,532,1025317.0,1867.608378870674,0.24020882852934292,74,38,9,36,72,36,0,36,0,38,72,18,0,31,72,0
2847,2847.0,530,1025821.0,1868.5264116575593,0.26875283419950285,74,38,7,36,72,36,0,36,0,38,72,18,0,31,72,0
2848,2848.0,528,1026326.0,1869.4462659380692,0.29505767262134946,74,38,5,36,72,36,0,36,0,38,72,18,0,31,72,0
2849,2849.0,526,1026831.0,1870.3661202185792,0.3016149699253743,74,38,3,36,72,36,0,36,0,38,72,18,0,31,72,0
2850,2850.0,524,1027338.0,1871.2896174863388,0.31063688223785146,74,38,1,36,72,36,0,36,0,38,72,18,0,31,72,0
2851,2851.0,526,1027864.0,1868.8436363636363,0.334744827692789,74,38,3,36,72,36,0,36,0,38,72,18,0,31,72,0
2852,2852.0,525,1028382.0,1869.7854545454545,0.3307782352316831,74,38,2,36,72,36,0,36,0,38,72,18,0,31,72,0
2853,2853.0,527,1028909.0,1870.7436363636364,0.32759657769552136,74,38,4,36,72,36,0,36,0,38,72,18,0,31,72,0
2854,2854.0,528,1029437.0,1871.7036363636364,0.33154247700729567,74,38,5,36,72,36,0,36,0,38,72,18,0,31,72,0
2855,2855.0,530,1029967.0,1872.6672727272728,0.3232366177384224,74,38,7,36,72,36,0,36,0,38,72,18,0,31,72,0
2856,2856.0,530,1030497.0,1873.6309090909092,0.3030445325482859,74,38,7,36,72,36,0,36,0,38,72,18,0,31,72,0
2857,2857.0,532,1031029.0,1871.1960072595282,0.32308888398481633,74,38,9,36,72,36,0,36,0,38,72,18,0,31,72,0
2858,2858.0,534,1031563.0,1872.1651542649727,0.2932996759922705,74,38,11,36,72,36,0,36,0,38,72,18,0,31,72,0
2859,2859.0,534,1032097.0,1873.1343012704174,0.2767717597475942,74,38,11,36,72,36,0,36,0,38,72,18,0,31,72,0
2860,2860.0,536,1032633.0,1874.1070780399275,0.2564327771603723,74,38,13,36,72,36,0,36,0,38,72,18,0,31,72,0
2861,2861.0,537,1033170.0,1875.08166969147,0.2562615324798914,74,38,14,36,72,36,0,36,0,38,72,18,0,31,72,0
2862,2862.0,538,1033708.0,1876.0580762250454,0.2460326900132203,74,38,15,36,72,36,0,36,0,38,72,18,0,31,72,0
2863,2863.0,538,1034246.0,1873.6340579710145,0.2723711605995714,74,38,15,36,72,36,0,36,0,38,72,18,0,31,72,0
2864,2864.0,539,1034785.0,1874.6105072463768,0.26853960902670876,74,38,16,36,72,36,0,36,0,38,72,18,0,31,72,0
2865,2865.0,539,1035296.0,1878.940108892922,0.2533559985865703,74,38,16,36,72,36,0,36,0,38,72,18,0,31,72,0
2866,2866.0,537,1035807.0,1883.2854545454545,0.22877154332569502,74,38,14,36,72,36,0,36,0,38,72,18,0,31,72,0
2867,2867.0,535,1036317.0,1884.2127272727273,0.241186630904465,74,38,12,36,72,36,0,36,0,38,72,18,0,31,72,0
2868,2868.0,533,1036826.0,1885.138181818182,0.2511696544515133,74,38,10,36,72,36,0,36,0,38,72,18,0,31,72,0
2869,2869.0,531,1037334.0,1886.0618181818181,0.281916409838991,74,38,8,36,72,36,0,36,0,38,72,18,0,31,72,0
2870,2870.0,529,1037841.0,1890.4207650273224,0.2873832517536216,74,38,6,36,72,36,0,36,0,38,72,18,0,31,72,0
2871,2871.0,527,1038348.0,1894.7956204379561,0.3008389328440273,74,38,4,36,72,36,0,36,0,38,72,18,0,31,72,0
2872,2872.0,526,1038855.0,1899.1864716636198,0.29991597155751687,74,38,3,36,72,36,0,36,0,38,72,18,0,31,72,0
2873,2873.0,524,1039363.0,1900.1151736745887,0.30460048462165773,74,38,1,36,72,36,0,36,0,38,72,18,0,31,72,0
2874,2874.0,523,1039884.0,1901.0676416819013,0.2939926397581062,74,38,0,36,72,36,0,36,0,38,72,18,0,31,72,0
2875,2875.0,525,1040409.0,1898.5565693430658,0.30970354414964735,74,38,2,36,72,36,0,36,0,38,72,18,0,31,72,0
2876,2876.0,525,1040934.0,1899.514598540146,0.3007706416913761,74,38,2,36,72,36,0,36,0,38,72,18,0,31,72,0
2877,2877.0,528,1041462.0,1900.478102189781,0.2999037482105612,74,38,4,36,72,36,0,36,0,38,72,18,1,31,72,0
2878,2878.0,528,1041990.0,1901.441605839416,0.2900246557615141,74,38,4,36,72,36,0,36,0,38,72,18,1,31,72,0
2879,2879.0,529,1042519.0,1902.4069343065694,0.267530281046246,74,38,5,36,72,36,0,36,0,38,72,18,1,31,72,0
2880,2880.0,530,1043049.0,1903.3740875912408,0.24738115983136108,74,38,6,36,72,36,0,36,0,38,72,18,1,31,72,0
2881,2881.0,531,1043580.0,1900.8743169398906,0.2515659988926445,74,38,7,36,72,36,0,36,0,38,72,18,1,31,72,0
2882,2882.0,534,1044114.0,1901.8469945355191,0.2511766452681078,74,38,9,36,72,36,0,36,0,38,72,18,2,31,72,0
2883,2883.0,533,1044640.0,1902.8051001821493,0.25542479313275185,74,38,10,36,72,36,0,36,0,38,72,18,0,31,72,0
2884,2884.0,535,1045175.0,1903.7795992714025,0.2568542302004131,74,38,12,36,72,36,0,36,0,38,72,18,0,31,72,0
2885,2885.0,536,1045711.0,1904.7559198542806,0.2622781473359719,74,38,13,36,72,36,0,36,0,38,72,18,0,31,72,0
2886,2886.0,537,1046248.0,1905.7340619307834,0.2590726417109575,74,38,14,36,72,36,0,36,0,38,72,18,0,31,72,0
2887,2887.0,537,1046785.0,1903.2454545454545,0.29482383888164765,74,38,14,36,72,36,0,36,0,38,72,18,0,31,72,0
2888,2888.0,537,1047322.0,1904.2218181818182,0.3044613601794207,74,38,14,36,72,36,0,36,0,38,72,18,0,31,72,0
2889,2889.0,537,1047859.0,1908.6684881602914,0.2876273782643232,74,38,14,36,72,36,0,36,0,38,72,18,0,31,72,0
2890,2890.0,537,1048396.0,1909.6466302367942,0.29190998781772337,74,38,14,36,72,36,0,36,0,38,72,18,0,31,72,0
2891,2891.0,537,1048933.0,1914.1113138686133,0.26308709145944215,74,38,14,36,72,36,0,36,0,38,72,18,0,31,72,0
2892,2892.0,537,1049470.0,1918.5923217550273,0.22235139108335153,74,38,14,36,72,36,0,36,0,38,72,18,0,31,72,0
2893,2893.0,537,1050007.0,1919.5740402193785,0.18342784708163076,74,38,14,36,72,36,0,36,0,38,72,18,0,31,72,0
2894,2894.0,537,1050544.0,1924.0732600732601,0.1246114232582681,74,38,14,36,72,36,0,36,0,38,72,18,0,31,72,0
2895,2895.0,538,1051082.0,1928.5908256880734,0.08153386123022278,74,38,15,36,72,36,0,36,0,38,72,18,0,31,72,0
2896,2896.0,539,1051621.0,1929.5798165137614,0.07416242926295506,74,38,15,36,72,36,0,36,1,38,72,18,0,31,72,0
2897,2897.0,540,1052161.0,1930.570642201835,0.06565819315246921,74,38,16,36,72,36,0,36,1,38,72,18,0,31,72,0
2898,2898.0,539,1052698.0,1931.5559633027524,0.07244794522890008,74,38,16,36,72,36,0,36,0,38,72,18,0,31,72,0
2899,2899.0,541,1053239.0,1929.0091575091576,0.10131293146550553,74,38,18,36,72,36,0,36,0,38,72,18,0,31,72,0
2900,2900.0,541,1053780.0,1930.0,0.1028268866339851,74,38,18,36,72,36,0,36,0,38,72,18,0,31,72,0
2901,2901.0,541,1054321.0,1930.9908424908424,0.10732431829773904,74,38,18,36,72,36,0,36,0,38,72,18,0,31,72,0
2902,2902.0,541,1054862.0,1931.981684981685,0.110797248382392,74,38,18,36,72,36,0,36,0,38,72,18,0,31,72,0
2903,2903.0,541,1055403.0,1932.9725274725274,0.11345358087080087,74,38,18,36,72,36,0,36,0,38,72,18,0,31,72,0
2904,2904.0,541,1055944.0,1933.96336996337,0.11438186756028042,74,38,18,36,72,36,0,36,0,38,72,18,0,31,72,0
2905,2905.0,541,1056485.0,1931.416819012797,0.14263344650906143,74,38,18,36,72,36,0,36,0,38,72,18,0,31,72,0
2906,2906.0,541,1057026.0,1932.4058500914077,0.13318526769384867,74,38,18,36,72,36,0,36,0,38,72,18,0,31,72,0
2907,2907.0,541,1057567.0,1933.3948811700184,0.12732160007512358,74,38,18,36,72,36,0,36,0,38,72,18,0,31,72,0
2908,2908.0,541,1058108.0,1934.3839122486288,0.1214619838004053,74,38,18,36,72,36,0,36,0,38,72,18,0,31,72,0
2909,2909.0,542,1058650.0,1935.3747714808044,0.12020271207902856,74,38,19,36,72,36,0,36,0,38,72,18,0,31,72,0
2910,2910.0,542,1059192.0,1936.36563071298,0.11767355616557121,74,38,19,36,72,36,0,36,0,38,72,18,0,31,72,0
2911,2911.0,542,1059734.0,1933.8211678832117,0.1425878945621348,74,38,19,36,72,36,0,36,0,38,72,18,0,31,72,0
2912,2912.0,542,1060276.0,1934.8102189781023,0.13977588068207916,74,38,19,36,72,36,0,36,0,38,72,18,0,31,72,0
2913,2913.0,542,1060818.0,1935.7992700729926,0.13533715032582533,74,38,19,36,72,36,0,36,0,38,72,18,0,31,72,0
2914,2914.0,542,1061360.0,1936.7883211678832,0.13294465429295066,74,38,19,36,72,36,0,36,0,38,72,18,0,31,72,0
2915,2915.0,542,1061902.0,1937.7773722627737,0.12822980268376083,74,38,19,36,72,36,0,36,0,38,72,18,0,31,72,0
2916,2916.0,540,1062360.0,1938.6131386861314,0.1272243412168043,74,38,17,36,72,36,0,36,0,38,72,18,0,31,72,0
2917,2917.0,538,1062818.0,1935.9162112932604,0.14860833038190005,74,38,15,36,72,36,0,36,0,38,72,18,0,31,72,0
2918,2918.0,537,1063278.0,1936.7540983606557,0.16150904622794757,74,38,14,36,72,36,0,36,0,38,72,18,0,31,72,0
2919,2919.0,535,1063738.0,1937.591985428051,0.17882995387583075,74,38,12,36,72,36,0,36,0,38,72,18,0,31,72,0
2920,2920.0,533,1064196.0,1938.4262295081967,0.196432897131403,74,38,10,36,72,36,0,36,0,38,72,18,0,31,72,0
2921,2921.0,532,1064654.0,1939.2604735883424,0.21071841268767327,74,38,9,36,72,36,0,36,0,38,72,18,0,31,72,0
2922,2922.0,530,1065111.0,1940.0928961748634,0.2387983794662377,74,38,7,36,72,36,0,36,0,38,72,18,0,31,72,0
2923,2923.0,528,1065585.0,1937.4272727272728,0.3047060944988764,74,38,5,36,72,36,0,36,0,38,72,18,0,31,72,0
2924,2924.0,528,1066088.0,1938.341818181818,0.31780678416151203,74,38,5,36,72,36,0,36,0,38,72,18,0,31,72,0
2925,2925.0,526,1066572.0,1939.2218181818182,0.3284821719307935,74,38,3,36,72,36,0,36,0,38,72,18,0,31,72,0
2926,2926.0,524,1067083.0,1940.1509090909092,0.3383652612451714,74,38,1,36,72,36,0,36,0,38,72,18,0,31,72,0
2927,2927.0,525,1067605.0,1941.1,0.33300058814176225,74,38,2,36,72,36,0,36,0,38,72,18,0,31,72,0
2928,2928.0,525,1068130.0,1942.0545454545454,0.3111233020545746,74,38,2,36,72,36,0,36,0,38,72,18,0,31,72,0
2929,2929.0,526,1068656.0,1939.4845735027222,0.30030109038313163,74,38,3,36,72,36,0,36,0,38,72,18,0,31,72,0
2930,2930.0,530,1069186.0,1940.4464609800364,0.25486532430722053,74,38,5,36,72,36,1,36,0,38,72,18,1,31,72,0
2931,2931.0,529,1069714.0,1941.4047186932848,0.22740142436699518,74,38,5,36,72,36,0,36,0,38,72,18,1,31,72,0
2932,2932.0,531,1070245.0,1942.3684210526317,0.21146975105964216,74,38,7,36,72,36,0,36,0,38,72,18,1,31,72,0
2933,2933.0,532,1070777.0,1943.333938294011,0.19565580168839686,74,38,8,36,72,36,0,36,0,38,72,18,1,31,72,0
2934,2934.0,534,1071311.0,1944.3030852994555,0.18667155434807634,74,38,10,36,72,36,0,36,0,38,72,18,1,31,72,0
2935,2935.0,535,1071846.0,1941.75,0.2101517212218369,74,38,11,36,72,36,0,36,0,38,72,18,1,31,72,0
2936,2936.0,536,1072382.0,1942.7210144927535,0.21630452721941834,74,38,12,36,72,36,0,36,0,38,72,18,1,31,72,0
2937,2937.0,538,1072920.0,1943.695652173913,0.21579232290981665,74,38,13,36,72,36,0,36,1,38,72,18,1,31,72,0
2938,2938.0,539,1073459.0,1944.6721014492753,0.2106986708525564,74,38,14,36,72,36,0,36,1,38,72,18,1,31,72,0
2939,2939.0,540,1073999.0,1945.6503623188405,0.2042425377543924,74,38,15,36,72,36,0,36,1,38,72,18,1,31,72,0
2940,2940.0,541,1074537.0,1946.625,0.1989201824629465,74,38,16,36,72,36,0,36,0,38,72,18,2,31,72,0
2941,2941.0,543,1075080.0,1944.0867992766728,0.2269168938129087,74,38,17,36,72,36,0,36,0,38,72,18,3,31,72,0
2942,2942.0,543,1075623.0,1948.5923913043478,0.20342211829509552,74,38,17,36,72,36,0,36,0,38,72,18,3,31,72,0
2943,2943.0,541,1076148.0,1953.08166969147,0.18474219876164902,74,38,17,36,72,36,0,36,0,38,72,18,1,31,72,0
2944,2944.0,540,1076685.0,1957.6090909090908,0.16621854254275795,74,38,17,36,72,36,0,36,0,38,72,18,0,31,72,0
2945,2945.0,540,1077225.0,1958.590909090909,0.18349376913791446,74,38,17,36,72,36,0,36,0,38,72,18,0,31,72,0
2946,2946.0,540,1077765.0,1963.1420765027322,0.17011457204064365,74,38,17,36,72,36,0,36,0,38,72,18,0,31,72,0
2947,2947.0,540,1078305.0,1964.1256830601094,0.1856756019648869,74,38,17,36,72,36,0,36,0,38,72,18,0,31,72,0
2948,2948.0,540,1078845.0,1965.1092896174864,0.19211428740942457,74,38,17,36,72,36,0,36,0,38,72,18,0,31,72,0
2949,2949.0,540,1079385.0,1966.0928961748634,0.19437041119201184,74,38,17,36,72,36,0,36,0,38,72,18,0,31,72,0
2950,2950.0,540,1079925.0,1970.6660583941605,0.17821321740742496,74,38,17,36,72,36,0,36,0,38,72,18,0,31,72,0
2951,2951.0,540,1080465.0,1971.6514598540145,0.1664476175795142,74,38,17,36,72,36,0,36,0,38,72,18,0,31,72,0
2952,2952.0,538,1080953.0,1972.5419708029196,0.1704876001440392,74,38,15,36,72,36,0,36,0,38,72,18,0,31,72,0
2953,2953.0,536,1081442.0,1969.83970856102,0.19236701632265976,74,38,13,36,72,36,0,36,0,38,72,18,0,31,72,0
2954,2954.0,534,1081930.0,1970.7285974499089,0.1960778638918404,74,38,11,36,72,36,0,36,0,38,72,18,0,31,72,0
2955,2955.0,533,1082418.0,1971.6174863387978,0.20717272301258194,74,38,10,36,72,36,0,36,0,38,72,18,0,31,72,0
2956,2956.0,531,1082905.0,1972.504553734062,0.22710760806822722,74,38,8,36,72,36,0,36,0,38,72,18,0,31,72,0
2957,2957.0,530,1083392.0,1973.391621129326,0.2511838595273153,74,38,7,36,72,36,0,36,0,38,72,18,0,31,72,0
2958,2958.0,529,1083880.0,1974.280510018215,0.2763290118758806,74,38,6,36,72,36,0,36,0,38,72,18,0,31,72,0
2959,2959.0,527,1084368.0,1971.5781818181817,0.3129279570299253,74,38,4,36,72,36,0,36,0,38,72,18,0,31,72,0
2960,2960.0,525,1084871.0,1972.4927272727273,0.30793564911526594,74,38,2,36,72,36,0,36,0,38,72,18,0,31,72,0
2961,2961.0,524,1085386.0,1973.429090909091,0.31594177013664754,74,38,1,36,72,36,0,36,0,38,72,18,0,31,72,0
2962,2962.0,524,1085910.0,1974.3818181818183,0.31911929665765754,74,38,1,36,72,36,0,36,0,38,72,18,0,31,72,0
2963,2963.0,525,1086433.0,1975.3327272727272,0.32072920230154556,74,38,2,36,72,36,0,36,0,38,72,18,0,31,72,0
2964,2964.0,524,1084313.0,1971.4781818181818,0.3193521294492532,74,38,3,36,72,36,0,34,0,38,72,18,0,31,72,0
2965,2965.0,523,1082194.0,1964.05444646098,0.3453409706276304,74,38,4,36,72,36,0,32,0,38,72,18,0,31,72,0
2966,2966.0,523,1080079.0,1960.2159709618875,0.32863087166436417,74,38,6,36,72,36,0,30,0,38,72,18,0,31,72,0
2967,2967.0,521,1077962.0,1956.3738656987296,0.3073587522686901,74,38,6,36,72,36,0,28,0,38,72,18,0,31,72,0
2968,2968.0,520,1075845.0,1952.5317604355716,0.2867431397420208,74,38,7,36,72,36,0,26,0,38,72,18,0,31,72,0
2969,2969.0,520,1073731.0,1948.6950998185118,0.282085475134107,74,38,9,36,72,36,0,24,0,38,72,18,0,31,72,0
2970,2970.0,521,1071618.0,1944.8602540834845,0.2906341619920966,74,38,10,36,72,36,2,22,0,38,72,18,0,31,72,0
2971,2971.0,520,1069505.0,1937.5090579710145,0.33777076570686965,74,38,11,36,72,36,2,20,0,38,72,18,0,31,72,0
2972,2972.0,522,1067396.0,1933.6884057971015,0.3413772731443891,74,38,13,36,72,36,4,18,0,38,72,18,0,31,72,0
2973,2973.0,524,1066604.0,1932.2536231884058,0.33512780600607694,74,38,15,36,72,36,5,17,0,38,72,18,0,31,72,0
2974,2974.0,525,1065812.0,1930.8188405797102,0.3292357068960786,74,38,15,36,72,36,6,17,0,38,72,18,0,31,72,0
2975,2975.0,526,1063705.0,1927.001811594203,0.321577219726685,74,38,17,36,72,36,6,16,0,38,72,18,0,31,72,0
2976,2976.0,524,1061586.0,1923.1630434782608,0.3239296355427783,74,38,17,36,72,36,4,16,0,38,72,18,0,31,72,0
2977,2977.0,522,1059468.0,1919.3260869565217,0.33597067652316226,74,38,18,36,72,36,2,15,0,38,72,18,0,31,72,0
2978,2978.0,519,1057349.0,1915.4873188405797,0.3483005010193524,74,38,18,36,72,36,0,14,0,38,72,18,0,31,72,0
2979,2979.0,517,1055239.0,1915.1343012704174,0.3376599954484526,74,38,18,36,72,36,0,12,0,38,72,18,0,31,72,0
2980,2980.0,517,1053130.0,1914.7818181818182,0.3349931851276667,74,38,18,36,72,36,0,12,0,38,72,18,0,31,72,0
2981,2981.0,516,1051021.0,1914.4280510018216,0.32760596042027873,74,38,19,36,72,36,0,10,0,38,72,18,0,31,72,0
2982,2982.0,517,1050227.0,1916.4726277372263,0.32869260133599987,74,38,19,36,72,36,0,11,0,38,72,18,0,31,72,0
2983,2983.0,517,1048111.0,1912.6113138686133,0.33543635795031784,74,38,19,35,72,36,0,12,0,38,72,18,0,31,72,0
2984,2984.0,516,1045988.0,1908.7372262773722,0.3366830418152381,74,38,19,33,72,36,0,13,0,38,72,18,0,31,72,0
2985,2985.0,513,1043819.0,1904.779197080292,0.3549286397096425,74,38,17,31,72,36,0,14,0,38,72,18,0,31,72,0
2986,2986.0,511,1041652.0,1900.8248175182482,0.37937425220417303,74,38,16,29,72,36,0,15,0,38,72,18,0,31,72,0
2987,2987.0,508,1039485.0,1896.8704379562043,0.4136907871850326,74,38,14,27,72,36,0,16,0,38,72,18,0,31,72,0
2988,2988.0,506,1037319.0,1892.9178832116788,0.41888220094885414,74,38,12,25,72,36,0,18,0,38,72,18,0,31,72,0
2989,2989.0,504,1035154.0,1888.9671532846714,0.45133198845654054,74,38,10,23,72,36,0,20,0,38,72,18,0,31,72,0
2990,2990.0,502,1032987.0,1888.4588665447898,0.4585960932389956,74,38,9,21,72,36,0,21,0,38,72,18,0,31,72,0
2991,2991.0,499,1030819.0,1887.9468864468865,0.47881227652607794,74,38,7,19,72,36,0,22,0,38,72,18,0,31,72,0
2992,2992.0,498,1029967.0,1889.8477064220183,0.4562962995137529,74,38,5,18,72,36,0,24,0,38,72,18,0,31,72,0
2993,2993.0,495,1029113.0,1891.7518382352941,0.4368478557793987,74,38,3,17,72,36,0,24,0,38,72,18,0,31,72,0
2994,2994.0,496,1026959.0,1891.2688766114181,0.4042811648692826,74,38,2,17,72,36,0,26,0,38,72,18,0,31,72,0
2995,2995.0,494,1024821.0,1883.8621323529412,0.4036809682237854,74,38,2,15,72,36,0,26,0,38,72,18,0,31,72,0
2996,2996.0,498,1024004.0,1882.360294117647,0.38634713313706104,74,38,4,15,72,36,0,28,0,38,72,18,0,31,72,0
2997,2997.0,499,1021876.0,1878.4485294117646,0.36541568745645964,74,38,4,14,72,36,0,30,0,38,72,18,0,31,72,0
2998,2998.0,501,1019751.0,1874.5422794117646,0.35641731922481723,74,38,5,14,72,36,0,31,0,38,72,18,0,31,72,0
2999,2999.0,503,1017630.0,1870.6433823529412,0.33351447171781057,74,38,6,14,72,36,0,32,0,38,72,18,0,31,72,0
3000,3000.0,505,1015800.0,1867.2794117647059,0.3124761599175102,74,38,7,13,72,36,0,33,1,38,72,18,0,31,72,0
3001,3001.0,507,1013974.0,1860.502752293578,0.32523317512974975,74,38,8,12,72,36,0,35,1,38,72,18,0,31,72,0
3002,3002.0,509,1012152.0,1857.159633027523,0.29894951237102224,74,38,9,12,72,36,0,35,2,38,72,18,0,31,72,0
3003,3003.0,510,1012662.0,1858.0954128440367,0.29153673124455537,74,38,9,12,72,36,0,36,2,38,72,18,0,31,72,0
3004,3004.0,514,1013176.0,1859.0385321100916,0.2913968627024474,74,38,12,13,72,36,0,36,2,38,72,18,0,31,72,0
3005,3005.0,516,1013692.0,1859.9853211009174,0.2826993552668575,74,38,12,15,72,36,0,36,2,38,72,18,0,31,72,0
3006,3006.0,518,1014210.0,1860.9357798165138,0.27189209371639345,74,38,13,16,72,36,0,36,2,38,72,18,0,31,72,0
3007,3007.0,521,1014731.0,1858.481684981685,0.27244860027730033,74,38,15,17,72,36,0,36,2,38,72,18,0,31,72,0
3008,3008.0,524,1015255.0,1862.8532110091744,0.21842792222228974,74,38,17,18,72,36,0,36,2,38,72,18,0,31,72,0
3009,3009.0,524,1015763.0,1863.7853211009174,0.2082852464917172,74,38,17,20,72,36,0,36,0,38,72,18,0,31,72,0
3010,3010.0,526,1016289.0,1868.1783088235295,0.17507493197507082,74,38,17,22,72,36,0,36,0,38,72,18,0,31,72,0
3011,3011.0,527,1016816.0,1872.5893186003684,0.1571991056390141,74,38,17,23,72,36,0,36,0,38,72,18,0,31,72,0
3012,3012.0,529,1017345.0,1880.4898336414049,0.10954014214934682,74,38,18,24,72,36,0,36,0,38,72,18,0,31,72,0
3013,3013.0,530,1017875.0,1877.9981549815498,0.1388275959809684,74,38,18,25,72,36,0,36,0,38,72,18,0,31,72,0
3014,3014.0,531,1018406.0,1882.4510166358596,0.12348041231471843,74,38,18,26,72,36,0,36,0,38,72,18,0,31,72,0
3015,3015.0,532,1018938.0,1883.43438077634,0.13400277973502478,74,38,18,27,72,36,0,36,0,38,72,18,0,31,72,0
3016,3016.0,532,1019470.0,1884.4177449168208,0.14371671636444014,74,38,18,27,72,36,0,36,0,38,72,18,0,31,72,0
3017,3017.0,534,1020004.0,1885.4048059149723,0.14066938386896444,74,38,18,29,72,36,0,36,0,38,72,18,0,31,72,0
3018,3018.0,535,1020539.0,1886.3937153419593,0.14183505162289986,74,38,18,30,72,36,0,36,0,38,72,18,0,31,72,0
3019,3019.0,535,1021074.0,1883.90036900369,0.16827496744191203,74,38,18,30,72,36,0,36,0,38,72,18,0,31,72,0
3020,3020.0,535,1021609.0,1884.8874538745388,0.1707626003339793,74,38,18,30,72,36,0,36,0,38,72,18,0,31,72,0
3021,3021.0,535,1022144.0,1885.8745387453876,0.16648122799506107,74,38,18,30,72,36,0,36,0,38,72,18,0,31,72,0
3022,3022.0,535,1022679.0,1886.861623616236,0.16561656713010228,74,38,18,30,72,36,0,36,0,38,72,18,0,31,72,0
3023,3023.0,535,1023214.0,1887.8487084870849,0.1656298584619607,74,38,18,30,72,36,0,36,0,38,72,18,0,31,72,0
3024,3024.0,535,1023749.0,1888.8357933579337,0.15639491704350117,74,38,18,30,72,36,0,36,0,38,72,18,0,31,72,0
3025,3025.0,535,1024284.0,1886.342541436464,0.1658042419602609,74,38,18,30,72,36,0,36,0,38,72,18,0,31,72,0
3026,3026.0,535,1024819.0,1887.3278084714548,0.1395453401209601,74,38,18,30,72,36,0,36,0,38,72,18,0,31,72,0
3027,3027.0,535,1025354.0,1888.3130755064458,0.12066711779600066,74,38,18,30,72,36,0,36,0,38,72,18,0,31,72,0
3028,3028.0,537,1025891.0,1889.3020257826888,0.10587643752845176,74,38,18,30,72,36,0,36,0,38,72,18,2,31,72,0
3029,3029.0,538,1026429.0,1890.292817679558,0.09018957914201811,74,38,18,30,72,36,0,36,0,38,72,18,3,31,72,0
3030,3030.0,539,1026968.0,1891.2854511970534,0.09047230399276575,74,38,19,30,72,36,0,36,0,38,72,18,3,31,72,0
3031,3031.0,539,1027507.0,1888.7996323529412,0.1050394138231324,74,38,19,30,72,36,0,36,0,38,72,18,3,31,72,0
3032,3032.0,539,1028046.0,1889.7904411764705,0.10042122480918084,74,38,19,30,72,36,0,36,0,38,72,18,3,31,72,0
3033,3033.0,537,1028573.0,1890.7591911764705,0.10797774304099776,74,38,19,30,72,36,0,36,0,38,72,18,1,31,72,0
3034,3034.0,536,1029104.0,1891.735294117647,0.1101596089335576,74,38,19,30,72,36,0,36,0,38,72,18,0,31,72,0
3035,3035.0,536,1029640.0,1892.7205882352941,0.11898800305450745,74,38,19,30,72,36,0,36,0,38,72,18,0,31,72,0
3036,3036.0,536,1030176.0,1893.7058823529412,0.12311139410941868,74,38,19,30,72,36,0,36,0,38,72,18,0,31,72,0
3037,3037.0,536,1030712.0,1891.2146788990826,0.17377508470581107,74,38,19,30,72,36,0,36,0,38,72,18,0,31,72,0
3038,3038.0,536,1031248.0,1892.1981651376148,0.1831605177215604,74,38,19,30,72,36,0,36,0,38,72,18,0,31,72,0
3039,3039.0,532,1029282.0,1888.5908256880734,0.20900983089384065,74,38,17,30,72,36,0,36,0,38,72,18,0,29,72,0
3040,3040.0,528,1027316.0,1884.9834862385321,0.24748519992419737,74,38,15,30,72,36,0,36,0,38,72,18,0,27,72,0
3041,3041.0,524,1025350.0,1881.3761467889908,0.2671388349076418,74,38,13,30,72,36,0,36,0,38,72,18,0,25,72,0
3042,3042.0,520,1023384.0,1877.7688073394495,0.28931694751143644,74,38,11,30,72,36,0,36,0,38,72,18,0,23,72,0
3043,3043.0,516,1021417.0,1870.7271062271063,0.33492784332405534,74,38,9,30,72,36,0,36,0,38,72,18,0,21,72,0
3044,3044.0,512,1019448.0,1867.1208791208792,0.34107797725048183,74,38,7,30,72,36,0,36,0,38,72,18,0,19,72,0
3045,3045.0,509,1017480.0,1863.5164835164835,0.3693058744245254,74,38,6,30,72,36,0,36,0,38,72,18,0,17,72,0
3046,3046.0,509,1015513.0,1859.9139194139193,0.38854626818510385,74,38,6,32,72,36,0,36,0,38,72,18,0,15,72,0
3047,3047.0,507,1013587.0,1856.386446886447,0.3762408557268538,74,38,6,32,72,36,0,36,0,38,72,18,0,13,72,0
3048,3048.0,505,1011653.0,1852.8443223443223,0.3704373563203794,74,38,4,33,72,36,0,36,0,38,72,18,0,12,72,0
3049,3049.0,506,1009743.0,1845.965265082267,0.3945554671023159,74,38,6,33,72,36,0,36,0,38,72,18,0,11,72,0
3050,3050.0,508,1009045.0,1844.689213893967,0.3916923439981552,74,38,6,35,72,36,0,36,0,38,72,18,0,11,72,0
3051,3051.0,507,1007418.0,1841.7148080438758,0.3887897828127694,74,38,6,35,72,36,0,36,0,38,72,18,0,10,72,0
3052,3052.0,508,1006726.0,1840.4497257769654,0.38553965581469624,74,38,6,36,72,36,0,36,0,38,72,18,0,10,72,0
3053,3053.0,508,1005376.0,1837.981718464351,0.3878574647140638,74,38,6,36,72,36,0,36,0,38,72,18,0,10,72,0
3054,3054.0,509,1004028.0,1835.5173674588666,0.3749338746908816,74,38,8,36,72,36,0,36,0,38,72,18,0,9,72,0
3055,3055.0,510,1003610.0,1831.405109489051,0.39193366662466583,74,38,8,36,72,36,0,36,0,38,72,18,0,10,72,0
3056,3056.0,513,1004123.0,1832.3412408759125,0.370532764404998,74,38,10,36,72,36,0,36,0,38,72,18,0,11,72,0
3057,3057.0,515,1004638.0,1833.2810218978102,0.3531441542785072,74,38,11,36,72,36,0,36,0,38,72,18,0,12,72,0
3058,3058.0,517,1005155.0,1834.2244525547446,0.33583640200030634,74,38,12,36,72,36,0,36,0,38,72,18,0,13,72,0
3059,3059.0,519,1005674.0,1835.1715328467153,0.30998997490609764,74,38,13,36,72,36,0,36,0,38,72,18,0,14,72,0
3060,3060.0,520,1006194.0,1836.1204379562043,0.27576175476578235,74,38,13,36,72,36,0,36,0,38,72,18,0,15,72,0
3061,3061.0,524,1006718.0,1833.7304189435338,0.2742747492112675,74,38,16,36,72,36,0,36,0,38,72,18,0,16,72,0
3062,3062.0,525,1007243.0,1834.686703096539,0.2501221144668307,74,38,17,36,72,36,0,36,0,38,72,18,0,16,72,0
3063,3063.0,529,1007744.0,1835.5992714025501,0.24338158334595372,74,38,17,36,72,36,1,36,0,38,72,18,0,19,72,0
3064,3064.0,527,1008244.0,1839.8613138686133,0.22052545615575736,74,38,15,36,72,36,1,36,0,38,72,18,0,19,72,0
3065,3065.0,528,1008745.0,1840.7755474452554,0.22652728602604735,74,38,14,36,72,36,1,36,0,38,72,18,0,21,72,0
3066,3066.0,530,1009251.0,1848.4450549450548,0.20538250976813308,74,38,13,36,72,36,1,36,0,38,72,18,0,24,72,0
3067,3067.0,529,1009758.0,1845.9926873857405,0.26154010632984404,74,38,12,36,72,36,1,36,0,38,72,18,0,24,72,0
3068,3068.0,527,1010264.0,1853.6954128440368,0.2356144209386853,74,38,10,36,72,36,1,36,0,38,72,18,0,24,72,0
3069,3069.0,526,1010772.0,1854.6275229357798,0.26043669283745496,74,38,8,36,72,36,1,36,0,38,72,18,0,25,72,0
3070,3070.0,524,1011278.0,1855.5559633027524,0.28856913852666305,74,38,6,36,72,36,1,36,0,38,72,18,0,25,72,0
3071,3071.0,523,1011792.0,1856.4990825688074,0.29590020464405165,74,38,5,36,72,36,1,36,0,38,72,18,0,25,72,0
3072,3072.0,522,1012305.0,1857.440366972477,0.29089946655578364,74,38,4,36,72,36,1,36,0,38,72,18,0,25,72,0
3073,3073.0,522,1012809.0,1854.9615384615386,0.30811570194469706,74,38,3,36,72,36,1,36,0,38,72,18,1,25,72,0
3074,3074.0,520,1013314.0,1855.886446886447,0.29390759958544677,74,38,1,36,72,36,1,36,0,38,72,18,1,25,72,0
3075,3075.0,521,1013835.0,1856.8406593406594,0.28072749982067896,74,38,2,36,72,36,1,36,0,38,72,18,1,25,72,0
3076,3076.0,523,1014358.0,1857.7985347985348,0.2684049670625873,74,38,4,36,72,36,1,36,0,38,72,18,1,25,72,0
3077,3077.0,524,1014882.0,1858.7582417582419,0.2514403037380357,74,38,5,36,72,36,1,36,0,38,72,18,1,25,72,0
3078,3078.0,523,1015385.0,1859.679487179487,0.2341333679005506,74,38,6,36,72,36,0,36,0,38,72,18,0,25,72,0
3079,3079.0,525,1015910.0,1857.2394881170019,0.24761074793037846,74,38,8,36,72,36,0,36,0,38,72,18,0,25,72,0
3080,3080.0,525,1016435.0,1858.1992687385741,0.2503908152799064,74,38,8,36,72,36,0,36,0,38,72,18,0,25,72,0
3081,3081.0,528,1016963.0,1859.164533820841,0.25133819153881976,74,38,11,36,72,36,0,36,0,38,72,18,0,25,72,0
3082,3082.0,528,1017491.0,1860.129798903108,0.2652939800358485,74,38,11,36,72,36,0,36,0,38,72,18,0,25,72,0
3083,3083.0,529,1018020.0,1861.0968921389397,0.2791695872661922,74,38,12,36,72,36,0,36,0,38,72,18,0,25,72,0
3084,3084.0,531,1018551.0,1862.0676416819013,0.28900899340384084,74,38,14,36,72,36,0,36,0,38,72,18,0,25,72,0
3085,3085.0,533,1019084.0,1859.6423357664235,0.3180779314667091,74,38,16,36,72,36,0,36,0,38,72,18,0,25,72,0
3086,3086.0,534,1019618.0,1860.6167883211679,0.30106606034863387,74,38,17,36,72,36,0,36,0,38,72,18,0,25,72,0
3087,3087.0,534,1020152.0,1861.5912408759125,0.2841623980914682,74,38,17,36,72,36,0,36,0,38,72,18,0,25,72,0
3088,3088.0,534,1020686.0,1862.565693430657,0.26396357377921165,74,38,17,36,72,36,0,36,0,38,72,18,0,25,72,0
3089,3089.0,535,1021221.0,1866.948811700183,0.22740563797371866,74,38,18,36,72,36,0,36,0,38,72,18,0,25,72,0
3090,3090.0,535,1021756.0,1867.926873857404,0.2286664798792588,74,38,18,36,72,36,0,36,0,38,72,18,0,25,72,0
3091,3091.0,536,1022292.0,1865.4963503649635,0.2479125273238437,74,38,19,36,72,36,0,36,0,38,72,18,0,25,72,0
3092,3092.0,536,1022828.0,1869.8866544789762,0.21527905165526354,74,38,19,36,72,36,0,36,0,38,72,18,0,25,72,0
3093,3093.0,534,1023324.0,1870.7934186471664,0.21687453971349482,74,38,17,36,72,36,0,36,0,38,72,18,0,25,72,0
3094,3094.0,533,1023821.0,1875.1300366300366,0.20378240990674165,74,38,16,36,72,36,0,36,0,38,72,18,0,25,72,0
3095,3095.0,531,1024317.0,1879.4807339449542,0.19265580902854584,74,38,14,36,72,36,0,36,0,38,72,18,0,25,72,0
3096,3096.0,529,1024812.0,1883.8455882352941,0.19371985356994728,74,38,12,36,72,36,0,36,0,38,72,18,0,25,72,0
3097,3097.0,527,1025307.0,1884.7555147058824,0.22495565503394707,74,38,10,36,72,36,0,36,0,38,72,18,0,25,72,0
3098,3098.0,526,1025801.0,1889.1362799263352,0.2341507641342579,74,38,9,36,72,36,0,36,0,38,72,18,0,25,72,0
3099,3099.0,524,1026295.0,1890.0460405156539,0.2611289341376619,74,38,7,36,72,36,0,36,0,38,72,18,0,25,72,0
3100,3100.0,522,1026787.0,1890.95211786372,0.3003911279635637,74,38,5,36,72,36,0,36,0,38,72,18,0,25,72,0
3101,3101.0,520,1027280.0,1891.8600368324126,0.3067812088532537,74,38,3,36,72,36,0,36,0,38,72,18,0,25,72,0
3102,3102.0,519,1027788.0,1892.7955801104972,0.3126837951944885,74,38,2,36,72,36,0,36,0,38,72,18,0,25,72,0
3103,3103.0,519,1028298.0,1890.2536764705883,0.3413502713409677,74,38,2,36,72,36,0,36,0,38,72,18,0,25,72,0
3104,3104.0,519,1028811.0,1891.1966911764705,0.3293724116339676,74,38,2,36,72,36,0,36,0,38,72,18,0,25,72,0
3105,3105.0,519,1029330.0,1892.1507352941176,0.3239570240569475,74,38,2,36,72,36,0,36,0,38,72,18,0,25,72,0
3106,3106.0,521,1029851.0,1893.108455882353,0.3239979478408191,74,38,4,36,72,36,0,36,0,38,72,18,0,25,72,0
3107,3107.0,522,1030373.0,1894.0680147058824,0.318588263081964,74,38,5,36,72,36,0,36,0,38,72,18,0,25,72,0
3108,3108.0,523,1030896.0,1895.0294117647059,0.2985084736041255,74,38,6,36,72,36,0,36,0,38,72,18,0,25,72,0
3109,3109.0,524,1031420.0,1892.51376146789,0.3019053787706399,74,38,7,36,72,36,0,36,0,38,72,18,0,25,72,0
3110,3110.0,526,1031946.0,1893.478899082569,0.2795493873206869,74,38,9,36,72,36,0,36,0,38,72,18,0,25,72,0
3111,3111.0,527,1032473.0,1894.4458715596331,0.2620559277886706,74,38,10,36,72,36,0,36,0,38,72,18,0,25,72,0
3112,3112.0,530,1033003.0,1895.4183486238533,0.2372876627696989,74,38,12,36,72,36,0,36,0,38,72,18,1,25,72,0
3113,3113.0,531,1033534.0,1896.3926605504587,0.23812676936556493,74,38,13,36,72,36,0,36,0,38,72,18,1,25,72,0
3114,3114.0,532,1034064.0,1897.3651376146788,0.24056651483269195,74,38,15,36,72,36,0,36,0,38,72,18,0,25,72,0
3115,3115.0,532,1034595.0,1894.8626373626373,0.26907715377245384,74,38,15,36,72,36,0,36,0,38,72,18,0,25,72,0
3116,3116.0,534,1035129.0,1895.8406593406594,0.2728570842282937,74,38,17,36,72,36,0,36,0,38,72,18,0,25,72,0
3117,3117.0,534,1035663.0,1896.8186813186812,0.2792278475633387,74,38,17,36,72,36,0,36,0,38,72,18,0,25,72,0
3118,3118.0,534,1036197.0,1897.7967032967033,0.2831067975643872,74,38,17,36,72,36,0,36,0,38,72,18,0,25,72,0
3119,3119.0,534,1036731.0,1902.2587155963304,0.2632824486287155,74,38,17,36,72,36,0,36,0,38,72,18,0,25,72,0
3120,3120.0,534,1037265.0,1906.7371323529412,0.23228261883812132,74,38,17,36,72,36,0,36,0,38,72,18,0,25,72,0
3121,3121.0,534,1037799.0,1911.232044198895,0.2018281146428984,74,38,17,36,72,36,0,36,0,38,72,18,0,25,72,0
3122,3122.0,534,1038333.0,1912.2154696132598,0.1920342990742844,74,38,17,36,72,36,0,36,0,38,72,18,0,25,72,0
3123,3123.0,534,1038867.0,1916.728782287823,0.1499381965178298,74,38,17,36,72,36,0,36,0,38,72,18,0,25,72,0
3124,3124.0,535,1039402.0,1921.260628465804,0.11975871349491501,74,38,18,36,72,36,0,36,0,38,72,18,0,25,72,0
3125,3125.0,535,1039937.0,1922.249537892791,0.1077439364269012,74,38,18,36,72,36,0,36,0,38,72,18,0,25,72,0
3126,3126.0,534,1040426.0,1923.1534195933457,0.09732217641549527,74,38,17,36,72,36,0,36,0,38,72,18,0,25,72,0
3127,3127.0,532,1040916.0,1920.509225092251,0.12190818179762856,74,38,15,36,72,36,0,36,0,38,72,18,0,25,72,0
3128,3128.0,531,1041406.0,1921.4132841328412,0.1339511878178906,74,38,14,36,72,36,0,36,0,38,72,18,0,25,72,0
3129,3129.0,529,1041896.0,1922.3173431734317,0.15105037576381078,74,38,12,36,72,36,0,36,0,38,72,18,0,25,72,0
3130,3130.0,527,1042384.0,1923.2177121771217,0.17663190247815827,74,38,10,36,72,36,0,36,0,38,72,18,0,25,72,0
3131,3131.0,526,1042872.0,1924.1180811808117,0.20786045292832311,74,38,9,36,72,36,0,36,0,38,72,18,0,25,72,0
3132,3132.0,524,1043359.0,1925.0166051660517,0.24863357403539818,74,38,7,36,72,36,0,36,0,38,72,18,0,25,72,0
3133,3133.0,522,1043846.0,1922.3683241252302,0.30412399466373097,74,38,5,36,72,36,0,36,0,38,72,18,0,25,72,0
3134,3134.0,520,1044338.0,1923.2744014732964,0.3158854783811982,74,38,3,36,72,36,0,36,0,38,72,18,0,25,72,0
3135,3135.0,519,1044841.0,1924.2007366482505,0.30629416820377864,74,38,2,36,72,36,0,36,0,38,72,18,0,25,72,0
3136,3136.0,519,1045355.0,1925.1473296500922,0.30107195388123753,74,38,2,36,72,36,0,36,0,38,72,18,0,25,72,0
3137,3137.0,521,1045876.0,1926.1068139963168,0.29449711005483264,74,38,3,36,72,36,0,36,0,38,72,18,1,25,72,0
3138,3138.0,521,1046396.0,1927.0644567219153,0.29238042728821223,74,38,4,36,72,36,0,36,0,38,72,18,0,25,72,0
3139,3139.0,523,1046919.0,1924.483455882353,0.3130608908142552,74,38,6,36,72,36,0,36,0,38,72,18,0,25,72,0
3140,3140.0,523,1047442.0,1925.4448529411766,0.29689916151433343,74,38,6,36,72,36,0,36,0,38,72,18,0,25,72,0
3141,3141.0,525,1047967.0,1926.4099264705883,0.2831698657510192,74,38,8,36,72,36,0,36,0,38,72,18,0,25,72,0
3142,3142.0,527,1048494.0,1927.3786764705883,0.2608247907110683,74,38,9,36,72,36,0,36,1,38,72,18,0,25,72,0
3143,3143.0,527,1049021.0,1928.3474264705883,0.2528652007339081,74,38,9,36,72,36,0,36,1,38,72,18,0,25,72,0
3144,3144.0,527,1049546.0,1929.3125,0.254549548373054,74,38,10,36,72,36,0,36,0,38,72,18,0,25,72,0
3145,3145.0,529,1050075.0,1926.7431192660551,0.2714411443453007,74,38,12,36,72,36,0,36,0,38,72,18,0,25,72,0
3146,3146.0,530,1050605.0,1927.7155963302753,0.26006030855677775,74,38,13,36,72,36,0,36,0,38,72,18,0,25,72,0
3147,3147.0,531,1051136.0,1928.6899082568807,0.24689322702490538,74,38,14,36,72,36,0,36,0,38,72,18,0,25,72,0
3148,3148.0,531,1051667.0,1929.6642201834863,0.2448264408963825,74,38,14,36,72,36,0,36,0,38,72,18,0,25,72,0
3149,3149.0,533,1052200.0,1934.1911764705883,0.210257898644379,74,38,15,36,72,36,1,36,0,38,72,18,0,25,72,0
3150,3150.0,534,1052734.0,1935.172794117647,0.21082993196403693,74,38,16,36,72,36,1,36,0,38,72,18,0,25,72,0
3151,3151.0,535,1053269.0,1936.15625,0.21683146551905388,74,38,17,36,72,36,1,36,0,38,72,18,0,25,72,0
3152,3152.0,535,1053804.0,1937.139705882353,0.20371403280193806,74,38,17,36,72,36,1,36,0,38,72,18,0,25,72,0
3153,3153.0,535,1054339.0,1938.1231617647059,0.2073477785484893,74,38,17,36,72,36,1,36,0,38,72,18,0,25,72,0
3154,3154.0,535,1054874.0,1942.6777163904235,0.1755284140539705,74,38,17,36,72,36,1,36,0,38,72,18,0,25,72,0
3155,3155.0,535,1055409.0,1943.6629834254143,0.16931540391349062,74,38,17,36,72,36,1,36,0,38,72,18,0,25,72,0
3156,3156.0,536,1055945.0,1948.238007380074,0.14800926284669802,74,38,18,36,72,36,1,36,0,38,72,18,0,25,72,0
3157,3157.0,536,1056481.0,1945.6372007366483,0.17115069215939063,74,38,18,36,72,36,1,36,0,38,72,18,0,25,72,0
3158,3158.0,536,1057017.0,1950.2158671586717,0.15169594021967242,74,38,18,36,72,36,1,36,0,38,72,18,0,25,72,0
3159,3159.0,536,1057553.0,1951.2047970479705,0.1412053349402325,74,38,18,36,72,36,1,36,0,38,72,18,0,25,72,0
3160,3160.0,536,1058089.0,1952.1937269372693,0.13412131097953947,74,38,18,36,72,36,1,36,0,38,72,18,0,25,72,0
3161,3161.0,536,1058625.0,1953.1826568265683,0.12910114846047732,74,38,18,36,72,36,1,36,0,38,72,18,0,25,72,0
3162,3162.0,536,1059161.0,1954.171586715867,0.12234013756706605,74,38,18,36,72,36,1,36,0,38,72,18,0,25,72,0
3163,3163.0,537,1059698.0,1951.561694290976,0.14290076311762795,74,38,19,36,72,36,1,36,0,38,72,18,0,25,72,0
3164,3164.0,537,1060235.0,1952.5506445672193,0.14249593638262048,74,38,19,36,72,36,1,36,0,38,72,18,0,25,72,0
3165,3165.0,537,1060772.0,1953.5395948434623,0.13865584855993174,74,38,19,36,72,36,1,36,0,38,72,18,0,25,72,0
3166,3166.0,537,1061309.0,1954.5285451197053,0.13432956218445435,74,38,19,36,72,36,1,36,0,38,72,18,0,25,72,0
3167,3167.0,537,1061846.0,1955.5174953959483,0.1272465844688594,74,38,19,36,72,36,1,36,0,38,72,18,0,25,72,0
3168,3168.0,537,1062383.0,1956.5064456721916,0.1245701535710182,74,38,19,36,72,36,1,36,0,38,72,18,0,25,72,0
3169,3169.0,538,1062921.0,1953.8988970588234,0.14875532748477452,74,38,20,36,72,36,1,36,0,38,72,18,0,25,72,0
3170,3170.0,538,1063459.0,1954.8878676470588,0.14557922201311957,74,38,20,36,72,36,1,36,0,38,72,18,0,25,72,0
3171,3171.0,536,1063924.0,1955.7426470588234,0.14279788793395912,74,38,18,36,72,36,1,36,0,38,72,18,0,25,72,0
3172,3172.0,534,1064389.0,1956.5974264705883,0.14356595650719506,74,38,16,36,72,36,1,36,0,38,72,18,0,25,72,0
3173,3173.0,532,1064853.0,1957.4503676470588,0.1459366028097815,74,38,14,36,72,36,1,36,0,38,72,18,0,25,72,0
3174,3174.0,531,1065318.0,1958.3051470588234,0.1512013514595043,74,38,13,36,72,36,1,36,0,38,72,18,0,25,72,0
3175,3175.0,530,1065784.0,1955.5669724770642,0.19403544770249703,74,38,12,36,72,36,1,36,0,38,72,18,0,25,72,0
3176,3176.0,528,1066250.0,1956.4220183486239,0.21300038291424128,74,38,10,36,72,36,1,36,0,38,72,18,0,25,72,0
3177,3177.0,527,1066716.0,1957.2770642201835,0.2527797225494105,74,38,9,36,72,36,1,36,0,38,72,18,0,25,72,0
3178,3178.0,525,1067184.0,1958.1357798165138,0.2855577627710543,74,38,7,36,72,36,1,36,0,38,72,18,0,25,72,0
3179,3179.0,524,1067680.0,1959.045871559633,0.30050761885525357,74,38,6,36,72,36,1,36,0,38,72,18,0,25,72,0
3180,3180.0,522,1068167.0,1959.9394495412844,0.3052187181811853,74,38,4,36,72,36,1,36,0,38,72,18,0,25,72,0
3181,3181.0,522,1068664.0,1957.2600732600733,0.3196164198706659,74,38,4,36,72,36,1,36,0,38,72,18,0,25,72,0
3182,3182.0,520,1069172.0,1958.1904761904761,0.312080111546608,74,38,2,36,72,36,1,36,0,38,72,18,0,25,72,0
3183,3183.0,520,1069692.0,1959.142857142857,0.3069794795129576,74,38,2,36,72,36,1,36,0,38,72,18,0,25,72,0
3184,3184.0,522,1070214.0,1960.098901098901,0.29198642125978563,74,38,4,36,72,36,1,36,0,38,72,18,0,25,72,0
3185,3185.0,523,1070737.0,1961.0567765567766,0.2669329095521233,74,38,5,36,72,36,1,36,0,38,72,18,0,25,72,0
3186,3186.0,523,1071223.0,1961.9468864468865,0.24537578703138446,74,38,6,36,72,36,0,36,0,38,72,18,0,25,72,0
3187,3187.0,524,1071747.0,1959.3180987202925,0.2479211612167011,74,38,7,36,72,36,0,36,0,38,72,18,0,25,72,0
3188,3188.0,525,1072272.0,1960.2778793418647,0.23556430257954158,74,38,8,36,72,36,0,36,0,38,72,18,0,25,72,0
3189,3189.0,526,1072798.0,1961.2394881170019,0.23837249688072196,74,38,9,36,72,36,0,36,0,38,72,18,0,25,72,0
3190,3190.0,526,1073324.0,1962.201096892139,0.2509419990400543,74,38,9,36,72,36,0,36,0,38,72,18,0,25,72,0
3191,3191.0,528,1073852.0,1963.1663619744058,0.2599289960209848,74,38,11,36,72,36,0,36,0,38,72,18,0,25,72,0
3192,3192.0,531,1074383.0,1964.1371115173674,0.26801054399075114,74,38,14,36,72,36,0,36,0,38,72,18,0,25,72,0
3193,3193.0,531,1074914.0,1961.521897810219,0.298865727883928,74,38,14,36,72,36,0,36,0,38,72,18,0,25,72,0
3194,3194.0,533,1075447.0,1962.4945255474452,0.2963166446822935,74,38,16,36,72,36,0,36,0,38,72,18,0,25,72,0
3195,3195.0,534,1075981.0,1963.4689781021898,0.2851398421096996,74,38,17,36,72,36,0,36,0,38,72,18,0,25,72,0
3196,3196.0,535,1076516.0,1964.4452554744526,0.27664220382152643,74,38,18,36,72,36,0,36,0,38,72,18,0,25,72,0
3197,3197.0,535,1077051.0,1965.4215328467153,0.26892843172802866,74,38,18,36,72,36,0,36,0,38,72,18,0,25,72,0
3198,3198.0,535,1077586.0,1966.397810218978,0.25799626535302206,74,38,18,36,72,36,0,36,0,38,72,18,0,25,72,0
3199,3199.0,536,1078122.0,1970.9725776965265,0.23416577806779745,74,38,19,36,72,36,0,36,0,38,72,18,0,25,72,0
3200,3200.0,537,1078659.0,1971.9542961608774,0.22575423181534895,74,38,20,36,72,36,0,36,0,38,72,18,0,25,72,0
3201,3201.0,535,1079154.0,1976.4725274725274,0.21056737570225734,74,38,18,36,72,36,0,36,0,38,72,18,0,25,72,0
3202,3202.0,533,1079651.0,1981.011009174312,0.20126378490287467,74,38,16,36,72,36,0,36,0,38,72,18,0,25,72,0
3203,3203.0,531,1080148.0,1985.5661764705883,0.18780842434733092,74,38,14,36,72,36,0,36,0,38,72,18,0,25,72,0
3204,3204.0,529,1080644.0,1990.1362799263352,0.17270175968263748,74,38,12,36,72,36,0,36,0,38,72,18,0,25,72,0
3205,3205.0,528,1081141.0,1991.0515653775321,0.20522567360448848,74,38,11,36,72,36,0,36,0,38,72,18,0,25,72,0
3206,3206.0,526,1081638.0,1991.9668508287293,0.23771682335801209,74,38,9,36,72,36,0,36,0,38,72,18,0,25,72,0
3207,3207.0,524,1082134.0,1992.8802946593003,0.28182671983584157,74,38,7,36,72,36,0,36,0,38,72,18,0,25,72,0
3208,3208.0,522,1082627.0,1993.7882136279927,0.3103639064568627,74,38,5,36,72,36,0,36,0,38,72,18,0,25,72,0
3209,3209.0,520,1083119.0,1994.694290976059,0.3177846239709998,74,38,3,36,72,36,0,36,0,38,72,18,0,25,72,0
3210,3210.0,518,1083616.0,1995.609576427256,0.31318904064035463,74,38,1,36,72,36,0,36,0,38,72,18,0,25,72,0
3211,3211.0,518,1084128.0,1992.8823529411766,0.326614270159797,74,38,1,36,72,36,0,36,0,38,72,18,0,25,72,0
3212,3212.0,519,1084647.0,1993.8363970588234,0.3265237644582886,74,38,2,36,72,36,0,36,0,38,72,18,0,25,72,0
3213,3213.0,520,1085167.0,1994.7922794117646,0.31533390179844173,74,38,3,36,72,36,0,36,0,38,72,18,0,25,72,0
3214,3214.0,521,1085688.0,1995.75,0.30492585398045396,74,38,4,36,72,36,0,36,0,38,72,18,0,25,72,0
3215,3215.0,523,1086211.0,1996.7113970588234,0.29454881922626547,74,38,5,36,72,36,0,36,0,38,72,18,1,25,72,0
3216,3216.0,524,1086734.0,1997.672794117647,0.27849847756513696,74,38,7,36,72,36,0,36,0,38,72,18,0,25,72,0
3217,3217.0,524,1087258.0,1994.9688073394495,0.29609958803445935,74,38,7,36,72,36,0,36,0,38,72,18,0,25,72,0
3218,3218.0,526,1087784.0,1995.9339449541285,0.29044914113196113,74,38,9,36,72,36,0,36,0,38,72,18,0,25,72,0
3219,3219.0,528,1088312.0,1996.902752293578,0.29424041892517505,74,38,11,36,72,36,0,36,0,38,72,18,0,25,72,0
3220,3220.0,528,1088840.0,1997.8715596330276,0.28882696296595023,74,38,11,36,72,36,0,36,0,38,72,18,0,25,72,0
3221,3221.0,529,1089369.0,1998.8422018348624,0.29157149439360114,74,38,12,36,72,36,0,36,0,38,72,18,0,25,72,0
3222,3222.0,531,1089900.0,1999.8165137614678,0.29216574885240176,74,38,14,36,72,36,0,36,0,38,72,18,0,25,72,0
3223,3223.0,533,1090433.0,1997.1300366300366,0.31604463621473194,74,38,16,36,72,36,0,36,0,38,72,18,0,25,72,0
3224,3224.0,533,1090966.0,1998.1062271062272,0.31206926400891194,74,38,16,36,72,36,0,36,0,38,72,18,0,25,72,0
3225,3225.0,533,1091499.0,2002.7504587155963,0.2724009426102165,74,38,16,36,72,36,0,36,0,38,72,18,0,25,72,0
3226,3226.0,533,1092032.0,2007.4117647058824,0.22653483960190168,74,38,16,36,72,36,0,36,0,38,72,18,0,25,72,0
3227,3227.0,533,1092565.0,2008.391544117647,0.20876763758547565,74,38,16,36,72,36,0,36,0,38,72,18,0,25,72,0
3228,3228.0,533,1093098.0,2013.0718232044198,0.17658612903037335,74,38,16,36,72,36,0,36,0,38,72,18,0,25,72,0
3229,3229.0,535,1093633.0,2014.0570902394106,0.16862174839347732,74,38,18,36,72,36,0,36,0,38,72,18,0,25,72,0
3230,3230.0,535,1094168.0,2015.0423572744014,0.16665339687371028,74,38,18,36,72,36,0,36,0,38,72,18,0,25,72,0
3231,3231.0,536,1094704.0,2023.4824399260629,0.11857091266487331,74,38,19,36,72,36,0,36,0,38,72,18,0,25,72,0
3232,3232.0,536,1095240.0,2024.4731977818853,0.11474568301217199,74,38,19,36,72,36,0,36,0,38,72,18,0,25,72,0
3233,3233.0,536,1095776.0,2025.4639556377078,0.10958989299408613,74,38,19,36,72,36,0,36,0,38,72,18,0,25,72,0
3234,3234.0,536,1096312.0,2026.4547134935306,0.09672628892473371,74,38,19,36,72,36,0,36,0,38,72,18,0,25,72,0
3235,3235.0,536,1096848.0,2023.7047970479705,0.11173618953640271,74,38,19,36,72,36,0,36,0,38,72,18,0,25,72,0
3236,3236.0,537,1097385.0,2024.6955719557195,0.10694058688627936,74,38,20,36,72,36,0,36,0,38,72,18,0,25,72,0
3237,3237.0,535,1097869.0,2025.5885608856088,0.11560830751029004,74,38,18,36,72,36,0,36,0,38,72,18,0,25,72,0
3238,3238.0,533,1098353.0,2026.481549815498,0.11920803041319801,74,38,16,36,72,36,0,36,0,38,72,18,0,25,72,0
3239,3239.0,531,1098837.0,2027.3745387453876,0.13278810772874863,74,38,14,36,72,36,0,36,0,38,72,18,0,25,72,0
3240,3240.0,529,1099320.0,2028.2656826568266,0.15289664483756665,74,38,12,36,72,36,0,36,0,38,72,18,0,25,72,0
3241,3241.0,528,1099803.0,2025.4198895027625,0.20734295244281514,74,38,11,36,72,36,0,36,0,38,72,18,0,25,72,0
3242,3242.0,526,1100285.0,2026.3075506445673,0.23341385656540123,74,38,9,36,72,36,0,36,0,38,72,18,0,25,72,0
3243,3243.0,524,1100767.0,2027.195211786372,0.26816585774644713,74,38,7,36,72,36,0,36,0,38,72,18,0,25,72,0
3244,3244.0,522,1101247.0,2028.0791896869246,0.28652112497470456,74,38,5,36,72,36,0,36,0,38,72,18,0,25,72,0
3245,3245.0,521,1101736.0,2028.9797421731123,0.29422615473237596,74,38,4,36,72,36,0,36,0,38,72,18,0,25,72,0
3246,3246.0,519,1102230.0,2029.889502762431,0.2930640407266483,74,38,2,36,72,36,0,36,0,38,72,18,0,25,72,0
3247,3247.0,519,1102747.0,2027.108455882353,0.31231261658936615,74,38,2,36,72,36,0,36,0,38,72,18,0,25,72,0
3248,3248.0,519,1103259.0,2028.0496323529412,0.3065654836153997,74,38,2,36,72,36,0,36,0,38,72,18,0,25,72,0
3249,3249.0,521,1103780.0,2029.0073529411766,0.2982849407639892,74,38,4,36,72,36,0,36,0,38,72,18,0,25,72,0
3250,3250.0,522,1104302.0,2029.9669117647059,0.2880781674652011,74,38,5,36,72,36,0,36,0,38,72,18,0,25,72,0
3251,3251.0,524,1104826.0,2030.9301470588234,0.2726051314929315,74,38,6,36,72,36,0,36,0,38,72,18,1,25,72,0
3252,3252.0,524,1105350.0,2031.8933823529412,0.2649836428506567,74,38,6,36,72,36,0,36,0,38,72,18,1,25,72,0
3253,3253.0,526,1105876.0,2029.1302752293577,0.2762868010481207,74,38,8,36,72,36,0,36,0,38,72,18,1,25,72,0
3254,3254.0,528,1106404.0,2030.0990825688073,0.2426375523740068,74,38,10,36,72,36,0,36,0,38,72,18,1,25,72,0
3255,3255.0,528,1106928.0,2031.0605504587156,0.2277410282394577,74,38,11,36,72,36,0,36,0,38,72,18,0,25,72,0
3256,3256.0,529,1107457.0,2032.0311926605505,0.20284582276324267,74,38,12,36,72,36,0,36,0,38,72,18,0,25,72,0
3257,3257.0,532,1107989.0,2033.0073394495412,0.19729110536314262,74,38,14,36,72,36,1,36,0,38,72,18,0,25,72,0
3258,3258.0,530,1108498.0,2033.9412844036697,0.20596171959833864,74,38,12,36,72,36,1,36,0,38,72,18,0,25,72,0
3259,3259.0,532,1109010.0,2031.1538461538462,0.24824749061326834,74,38,12,36,72,36,3,36,0,38,72,18,0,25,72,0
3260,3260.0,530,1109521.0,2032.0897435897436,0.2661517826302366,74,38,10,36,72,36,3,36,0,38,72,18,0,25,72,0
3261,3261.0,528,1110034.0,2036.759633027523,0.2622647868395097,74,38,8,36,72,36,3,36,0,38,72,18,0,25,72,0
3262,3262.0,526,1110543.0,2037.6935779816513,0.2855829830925196,74,38,6,36,72,36,3,36,0,38,72,18,0,25,72,0
3263,3263.0,524,1111052.0,2038.6275229357798,0.31439508270766314,74,38,4,36,72,36,3,36,0,38,72,18,0,25,72,0
3264,3264.0,520,1111546.0,2043.2830882352941,0.31981467206477643,74,38,2,36,72,36,1,36,0,38,72,18,0,25,72,0
3265,3265.0,517,1112045.0,2044.2003676470588,0.34958640857802153,74,38,0,36,72,36,0,36,0,38,72,18,0,25,72,0
3266,3266.0,517,1112562.0,2045.1507352941176,0.373124418484853,74,38,0,36,72,36,0,36,0,38,72,18,0,25,72,0
3267,3267.0,517,1113079.0,2046.1011029411766,0.3733111177951642,74,38,0,36,72,36,0,36,0,38,72,18,0,25,72,0
3268,3268.0,519,1113598.0,2047.0551470588234,0.3719758718173041,74,38,2,36,72,36,0,36,0,38,72,18,0,25,72,0
3269,3269.0,519,1114117.0,2048.0091911764707,0.37439895214487345,74,38,2,36,72,36,0,36,0,38,72,18,0,25,72,0
3270,3270.0,520,1114637.0,2048.9650735294117,0.3779278756159005,74,38,3,36,72,36,0,36,0,38,72,18,0,25,72,0
3271,3271.0,521,1115158.0,2046.1614678899082,0.4085226214605497,74,38,4,36,72,36,0,36,0,38,72,18,0,25,72,0
3272,3272.0,523,1115681.0,2047.1211009174312,0.38001366510719037,74,38,6,36,72,36,0,36,0,38,72,18,0,25,72,0
3273,3273.0,524,1116205.0,2048.0825688073396,0.34245087590926265,74,38,7,36,72,36,0,36,0,38,72,18,0,25,72,0
3274,3274.0,525,1116730.0,2049.045871559633,0.3139879584226321,74,38,8,36,72,36,0,36,0,38,72,18,0,25,72,0
3275,3275.0,528,1117258.0,2050.0146788990824,0.2780584101122975,74,38,10,36,72,36,1,36,0,38,72,18,0,25,72,0
3276,3276.0,528,1117786.0,2050.983486238532,0.2497505880701671,74,38,10,36,72,36,1,36,0,38,72,18,0,25,72,0
3277,3277.0,531,1118317.0,2051.957798165138,0.22054459722557287,74,38,12,36,72,36,2,36,0,38,72,18,0,25,72,0
3278,3278.0,534,1118851.0,2052.937614678899,0.19135204215970536,74,38,13,36,72,36,4,36,0,38,72,18,0,25,72,0
3279,3279.0,535,1119386.0,2057.6948529411766,0.15439031454388524,74,38,13,36,72,36,5,36,0,38,72,18,0,25,72,0
3280,3280.0,536,1119922.0,2058.6801470588234,0.1481058060473064,74,38,14,36,72,36,5,36,0,38,72,18,0,25,72,0
3281,3281.0,537,1120459.0,2063.460405156538,0.12134998067272464,74,38,15,36,72,36,5,36,0,38,72,18,0,25,72,0
3282,3282.0,536,1120983.0,2068.2343173431736,0.09743931986492815,74,38,16,36,72,36,3,36,0,38,72,18,0,25,72,0
3283,3283.0,534,1121507.0,2065.390423572744,0.13077168941931586,74,38,16,36,72,36,1,36,0,38,72,18,0,25,72,0
3284,3284.0,533,1122035.0,2066.362799263352,0.1340565207036178,74,38,16,36,72,36,0,36,0,38,72,18,0,25,72,0
3285,3285.0,534,1122569.0,2067.3462246777162,0.15179645869215364,74,38,16,36,72,36,0,36,0,38,72,18,1,25,72,0
3286,3286.0,534,1123103.0,2068.329650092081,0.17066045548988637,74,38,16,36,72,36,0,36,0,38,72,18,1,25,72,0
3287,3287.0,534,1123637.0,2069.313075506446,0.1864662644533704,74,38,16,36,72,36,0,36,0,38,72,18,1,25,72,0
3288,3288.0,533,1124167.0,2070.2891344383056,0.20626175505448707,74,38,16,36,72,36,0,36,0,38,72,18,0,25,72,0
3289,3289.0,533,1124700.0,2067.4632352941176,0.2443324455028583,74,38,16,36,72,36,0,36,0,38,72,18,0,25,72,0
3290,3290.0,533,1125233.0,2068.4430147058824,0.24898962677202446,74,38,16,36,72,36,0,36,0,38,72,18,0,25,72,0
3291,3291.0,533,1125766.0,2069.422794117647,0.2527109686398489,74,38,16,36,72,36,0,36,0,38,72,18,0,25,72,0
3292,3292.0,533,1126299.0,2070.4025735294117,0.25788915638929616,74,38,16,36,72,36,0,36,0,38,72,18,0,25,72,0
3293,3293.0,533,1126832.0,2071.3823529411766,0.2618062182598916,74,38,16,36,72,36,0,36,0,38,72,18,0,25,72,0
3294,3294.0,533,1127365.0,2072.362132352941,0.26553988413813234,74,38,16,36,72,36,0,36,0,38,72,18,0,25,72,0
3295,3295.0,533,1127898.0,2069.537614678899,0.29216674688079936,74,38,16,36,72,36,0,36,0,38,72,18,0,25,72,0
3296,3296.0,533,1128431.0,2074.3216911764707,0.2580132598933001,74,38,16,36,72,36,0,36,0,38,72,18,0,25,72,0
3297,3297.0,533,1128964.0,2082.959409594096,0.20616363282861322,74,38,16,36,72,36,0,36,0,38,72,18,0,25,72,0
3298,3298.0,533,1129497.0,2083.9428044280444,0.1987346750656736,74,38,16,36,72,36,0,36,0,38,72,18,0,25,72,0
3299,3299.0,533,1130030.0,2092.6481481481483,0.12874097216363514,74,38,16,36,72,36,0,36,0,38,72,18,0,25,72,0
3300,3300.0,533,1130563.0,2093.635185185185,0.1100232748923267,74,38,16,36,72,36,0,36,0,38,72,18,0,25,72,0
3301,3301.0,534,1131097.0,2090.752310536044,0.12935819123373357,74,38,17,36,72,36,0,36,0,38,72,18,0,25,72,0
3302,3302.0,535,1131632.0,2091.741219963031,0.12227951014861328,74,38,18,36,72,36,0,36,0,38,72,18,0,25,72,0
3303,3303.0,534,1132096.0,2092.5988909426987,0.12961427561054562,74,38,17,36,72,36,0,36,0,38,72,18,0,25,72,0
3304,3304.0,532,1132561.0,2093.4584103512016,0.14108131714574626,74,38,15,36,72,36,0,36,0,38,72,18,0,25,72,0
3305,3305.0,530,1133025.0,2094.3160813308687,0.15180269496845553,74,38,13,36,72,36,0,36,0,38,72,18,0,25,72,0
3306,3306.0,528,1133488.0,2095.1719038817005,0.17828699337940107,74,38,11,36,72,36,0,36,0,38,72,18,0,25,72,0
3307,3307.0,527,1133951.0,2092.160516605166,0.2351417649717071,74,38,10,36,72,36,0,36,0,38,72,18,0,25,72,0
3308,3308.0,525,1134414.0,2093.0147601476015,0.26568821259715936,74,38,8,36,72,36,0,36,0,38,72,18,0,25,72,0
3309,3309.0,523,1134877.0,2093.869003690037,0.2996495104238444,74,38,6,36,72,36,0,36,0,38,72,18,0,25,72,0
3310,3310.0,521,1135341.0,2094.7250922509224,0.31820817560702735,74,38,4,36,72,36,0,36,0,38,72,18,0,25,72,0
3311,3311.0,519,1135841.0,2095.6476014760146,0.30993827020983516,74,38,2,36,72,36,0,36,0,38,72,18,0,25,72,0
3312,3312.0,517,1136344.0,2096.5756457564576,0.3075841881369366,74,38,0,36,72,36,0,36,0,38,72,18,0,25,72,0
3313,3313.0,518,1136862.0,2093.6685082872928,0.32864391272809385,74,38,1,36,72,36,0,36,0,38,72,18,0,25,72,0
3314,3314.0,520,1137382.0,2094.6261510128916,0.32591229358269586,74,38,3,36,72,36,0,36,0,38,72,18,0,25,72,0
3315,3315.0,521,1137903.0,2095.585635359116,0.31468049228605943,74,38,4,36,72,36,0,36,0,38,72,18,0,25,72,0
3316,3316.0,522,1138425.0,2096.546961325967,0.3091495220720514,74,38,5,36,72,36,0,36,0,38,72,18,0,25,72,0
3317,3317.0,524,1138949.0,2097.51197053407,0.2969308350027412,74,38,7,36,72,36,0,36,0,38,72,18,0,25,72,0
3318,3318.0,526,1139475.0,2098.480662983425,0.2834876264770345,74,38,9,36,72,36,0,36,0,38,72,18,0,25,72,0
3319,3319.0,526,1140000.0,2095.5882352941176,0.2793734454515693,74,38,9,36,72,36,0,36,0,38,72,18,0,25,72,0
3320,3320.0,527,1140527.0,2096.5569852941176,0.2503055797143182,74,38,10,36,72,36,0,36,0,38,72,18,0,25,72,0
3321,3321.0,528,1141055.0,2097.5275735294117,0.22210902455517043,74,38,11,36,72,36,0,36,0,38,72,18,0,25,72,0
3322,3322.0,530,1141585.0,2098.501838235294,0.2109655543081887,74,38,12,36,72,36,1,36,0,38,72,18,0,25,72,0
3323,3323.0,532,1142117.0,2099.479779411765,0.19460244417405828,74,38,13,36,72,36,2,36,0,38,72,18,0,25,72,0
3324,3324.0,534,1142651.0,2100.4613970588234,0.18375596809073652,74,38,14,36,72,36,3,36,0,38,72,18,0,25,72,0
3325,3325.0,535,1143186.0,2097.588990825688,0.1996135254430264,74,38,15,36,72,36,3,36,0,38,72,18,0,25,72,0
3326,3326.0,537,1143723.0,2102.4319852941176,0.16256822912434588,74,38,17,36,72,36,3,36,0,38,72,18,0,25,72,0
3327,3327.0,537,1144260.0,2103.419117647059,0.1624607523736484,74,38,17,36,72,36,3,36,0,38,72,18,0,25,72,0
3328,3328.0,537,1144797.0,2104.40625,0.1531365494148856,74,38,17,36,72,36,3,36,0,38,72,18,0,25,72,0
3329,3329.0,537,1145334.0,2109.270718232044,0.12960884809249512,74,38,17,36,72,36,3,36,0,38,72,18,0,25,72,0
3330,3330.0,537,1145871.0,2110.259668508287,0.12457193619695722,74,38,17,36,72,36,3,36,0,38,72,18,0,25,72,0
3331,3331.0,537,1146408.0,2111.24861878453,0.11979727922102011,74,38,17,36,72,36,3,36,0,38,72,18,0,25,72,0
3332,3332.0,538,1146946.0,2112.2394106813995,0.1165759865400994,74,38,18,36,72,36,3,36,0,38,72,18,0,25,72,0
3333,3333.0,538,1147484.0,2113.2302025782687,0.11049010033241019,74,38,18,36,72,36,3,36,0,38,72,18,0,25,72,0
3334,3334.0,538,1148022.0,2114.220994475138,0.09877685198208624,74,38,18,36,72,36,3,36,0,38,72,18,0,25,72,0
3335,3335.0,538,1148560.0,2115.2117863720073,0.09195122834966753,74,38,18,36,72,36,3,36,0,38,72,18,0,25,72,0
3336,3336.0,539,1149099.0,2116.204419889503,0.09467646710567854,74,38,19,36,72,36,3,36,0,38,72,18,0,25,72,0
3337,3337.0,539,1149638.0,2113.3051470588234,0.12111119735064693,74,38,19,36,72,36,3,36,0,38,72,18,0,25,72,0
3338,3338.0,539,1150177.0,2114.295955882353,0.11887793780134727,74,38,19,36,72,36,3,36,0,38,72,18,0,25,72,0
3339,3339.0,539,1150716.0,2115.2867647058824,0.12164047350319564,74,38,19,36,72,36,3,36,0,38,72,18,0,25,72,0
3340,3340.0,539,1151255.0,2116.2775735294117,0.11634677760851664,74,38,19,36,72,36,3,36,0,38,72,18,0,25,72,0
3341,3341.0,539,1151794.0,2117.268382352941,0.11271146718162789,74,38,19,36,72,36,3,36,0,38,72,18,0,25,72,0
3342,3342.0,539,1152333.0,2118.2591911764707,0.09707201307416029,74,38,19,36,72,36,3,36,0,38,72,18,0,25,72,0
3343,3343.0,539,1152872.0,2115.3614678899085,0.10619366671658777,74,38,19,36,72,36,3,36,0,38,72,18,0,25,72,0
3344,3344.0,539,1153411.0,2116.3504587155962,0.09849387483739237,74,38,19,36,72,36,3,36,0,38,72,18,0,25,72,0
3345,3345.0,540,1153951.0,2117.3412844036698,0.09348228147372442,74,38,20,36,72,36,3,36,0,38,72,18,0,25,72,0
3346,3346.0,541,1154492.0,2118.3339449541286,0.09196970796149641,74,38,20,36,72,36,3,36,1,38,72,18,0,25,72,0
3347,3347.0,541,1155033.0,2119.326605504587,0.08447496486535665,74,38,20,36,72,36,3,36,1,38,72,18,0,25,72,0
3348,3348.0,540,1155571.0,2120.31376146789,0.09250393165327839,74,38,20,36,72,36,3,36,0,38,72,18,0,25,72,0
3349,3349.0,540,1156111.0,2117.4194139194137,0.11977578396760391,74,38,20,36,72,36,3,36,0,38,72,18,0,25,72,0
3350,3350.0,540,1156651.0,2118.408424908425,0.11847010141314027,74,38,20,36,72,36,3,36,0,38,72,18,0,25,72,0
3351,3351.0,540,1157191.0,2119.397435897436,0.11490314874172855,74,38,20,36,72,36,3,36,0,38,72,18,0,25,72,0
3352,3352.0,540,1157731.0,2120.3864468864467,0.11566114302365905,74,38,20,36,72,36,3,36,0,38,72,18,0,25,72,0
3353,3353.0,541,1158272.0,2121.3772893772893,0.11921186453108858,74,38,21,36,72,36,3,36,0,38,72,18,0,25,72,0
3354,3354.0,539,1158730.0,2122.2161172161173,0.12125726214727531,74,38,19,36,72,36,3,36,0,38,72,18,0,25,72,0
3355,3355.0,537,1159186.0,2119.1700182815357,0.1508721187950602,74,38,17,36,72,36,3,36,0,38,72,18,0,25,72,0
3356,3356.0,535,1159642.0,2120.00365630713,0.172575983902191,74,38,15,36,72,36,3,36,0,38,72,18,0,25,72,0
3357,3357.0,533,1160096.0,2120.833638025594,0.1851477308292542,74,38,13,36,72,36,3,36,0,38,72,18,0,25,72,0
3358,3358.0,531,1160550.0,2121.6636197440585,0.20811679032158764,74,38,11,36,72,36,3,36,0,38,72,18,0,25,72,0
3359,3359.0,529,1161004.0,2122.4936014625227,0.2393672833867178,74,38,9,36,72,36,3,36,0,38,72,18,0,25,72,0
3360,3360.0,528,1161459.0,2123.325411334552,0.27592884144822777,74,38,8,36,72,36,3,36,0,38,72,18,0,25,72,0
3361,3361.0,527,1161950.0,2120.3467153284673,0.3416077065307531,74,38,7,36,72,36,3,36,0,38,72,18,0,25,72,0
3362,3362.0,525,1162403.0,2121.1733576642337,0.3608231872482082,74,38,5,36,72,36,3,36,0,38,72,18,0,25,72,0
3363,3363.0,523,1162868.0,2122.021897810219,0.3532068895810843,74,38,3,36,72,36,3,36,0,38,72,18,0,25,72,0
3364,3364.0,524,1163373.0,2122.943430656934,0.3445649078532027,74,38,4,36,72,36,3,36,0,38,72,18,0,25,72,0
3365,3365.0,522,1163878.0,2123.8649635036495,0.3416699544599814,74,38,2,36,72,36,3,36,0,38,72,18,0,25,72,0
3366,3366.0,520,1164311.0,2124.655109489051,0.32833461969306643,74,38,2,36,72,36,1,36,0,38,72,18,0,25,72,0
3367,3367.0,521,1164789.0,2121.655737704918,0.3265148003851951,74,38,4,36,72,36,0,36,0,38,72,18,0,25,72,0
3368,3368.0,521,1165310.0,2122.6047358834244,0.30651444312099785,74,38,4,36,72,36,0,36,0,38,72,18,0,25,72,0
3369,3369.0,523,1165833.0,2123.55737704918,0.2863732207385809,74,38,6,36,72,36,0,36,0,38,72,18,0,25,72,0
3370,3370.0,524,1166357.0,2124.511839708561,0.2786678371963704,74,38,7,36,72,36,0,36,0,38,72,18,0,25,72,0
3371,3371.0,525,1166882.0,2125.4681238615667,0.2790936546280093,74,38,8,36,72,36,0,36,0,38,72,18,0,25,72,0
3372,3372.0,527,1167409.0,2126.4280510018216,0.28110348939140034,74,38,10,36,72,36,0,36,0,38,72,18,0,25,72,0
3373,3373.0,529,1167938.0,2123.5236363636363,0.304203314489119,74,38,12,36,72,36,0,36,0,38,72,18,0,25,72,0
3374,3374.0,530,1168468.0,2124.4872727272727,0.2955475600080576,74,38,13,36,72,36,0,36,0,38,72,18,0,25,72,0
3375,3375.0,532,1169000.0,2125.4545454545455,0.27541196982241495,74,38,14,36,72,36,1,36,0,38,72,18,0,25,72,0
3376,3376.0,534,1169534.0,2126.4254545454546,0.25542688906799965,74,38,16,36,72,36,1,36,0,38,72,18,0,25,72,0
3377,3377.0,537,1170071.0,2127.4018181818183,0.2464561030667483,74,38,18,36,72,36,2,36,0,38,72,18,0,25,72,0
3378,3378.0,536,1170579.0,2128.3254545454547,0.2434980845806393,74,38,16,36,72,36,3,36,0,38,72,18,0,25,72,0
3379,3379.0,536,1171091.0,2125.3920145190564,0.2678804358340257,74,38,16,36,72,36,3,36,0,38,72,18,0,25,72,0
3380,3380.0,534,1171603.0,2130.1872727272726,0.25371703995534134,74,38,14,36,72,36,3,36,0,38,72,18,0,25,72,0
3381,3381.0,532,1172114.0,2134.998178506375,0.25181474942796583,74,38,12,36,72,36,3,36,0,38,72,18,0,25,72,0
3382,3382.0,531,1172625.0,2139.8266423357663,0.24483086424002587,74,38,10,36,72,36,3,36,1,38,72,18,0,25,72,0
3383,3383.0,530,1173135.0,2140.757299270073,0.2599671033377514,74,38,9,36,72,36,3,36,1,38,72,18,0,25,72,0
3384,3384.0,526,1173626.0,2149.4981684981685,0.23884522993930293,74,38,7,36,72,36,1,36,1,38,72,18,0,25,72,0
3385,3385.0,523,1174124.0,2150.4102564102564,0.2573048268353927,74,38,5,36,72,36,0,36,1,38,72,18,0,25,72,0
3386,3386.0,521,1174627.0,2151.331501831502,0.26248679075513626,74,38,3,36,72,36,0,36,1,38,72,18,0,25,72,0
3387,3387.0,519,1175125.0,2152.24358974359,0.27294478596897753,74,38,2,36,72,36,0,36,0,38,72,18,0,25,72,0
3388,3388.0,518,1175638.0,2153.1831501831502,0.28897194774599444,74,38,1,36,72,36,0,36,0,38,72,18,0,25,72,0
3389,3389.0,518,1176156.0,2154.131868131868,0.3003672072305055,74,38,1,36,72,36,0,36,0,38,72,18,0,25,72,0
3390,3390.0,520,1176676.0,2155.084249084249,0.31435821530306035,74,38,3,36,72,36,0,36,0,38,72,18,0,25,72,0
3391,3391.0,521,1177197.0,2152.09689213894,0.3441242586974005,74,38,4,36,72,36,0,36,0,38,72,18,0,25,72,0
3392,3392.0,522,1177719.0,2153.051188299817,0.3477044402585664,74,38,5,36,72,36,0,36,0,38,72,18,0,25,72,0
3393,3393.0,523,1178242.0,2154.0073126142597,0.3391643859207387,74,38,6,36,72,36,0,36,0,38,72,18,0,25,72,0
3394,3394.0,525,1178767.0,2154.9670932358317,0.32611772090589003,74,38,8,36,72,36,0,36,0,38,72,18,0,25,72,0
3395,3395.0,525,1179292.0,2155.926873857404,0.32147183715112143,74,38,8,36,72,36,0,36,0,38,72,18,0,25,72,0
3396,3396.0,526,1179818.0,2156.888482632541,0.31657794714765336,74,38,9,36,72,36,0,36,0,38,72,18,0,25,72,0
3397,3397.0,527,1180345.0,2157.851919561243,0.30932974335287095,74,38,10,36,72,36,0,36,0,38,72,18,0,25,72,0
3398,3398.0,529,1180874.0,2162.772893772894,0.2659401943483159,74,38,12,36,72,36,0,36,0,38,72,18,0,25,72,0
3399,3399.0,532,1181406.0,2163.747252747253,0.24518324904221278,74,38,14,36,72,36,1,36,0,38,72,18,0,25,72,0
3400,3400.0,532,1181938.0,2164.7216117216117,0.220251036023513,74,38,14,36,72,36,1,36,0,38,72,18,0,25,72,0
3401,3401.0,534,1182472.0,2169.673394495413,0.17703959947018605,74,38,15,36,72,36,2,36,0,38,72,18,0,25,72,0
3402,3402.0,535,1183007.0,2170.6550458715597,0.16366027462113655,74,38,16,36,72,36,2,36,0,38,72,18,0,25,72,0
3403,3403.0,535,1183542.0,2167.6593406593406,0.18722725381051872,74,38,16,36,72,36,2,36,0,38,72,18,0,25,72,0
3404,3404.0,536,1184078.0,2168.641025641026,0.18220230983874533,74,38,16,36,72,36,2,36,0,38,72,18,1,25,72,0
3405,3405.0,536,1184613.0,2169.620879120879,0.18513341821598717,74,38,16,36,72,36,2,36,0,38,72,18,1,25,72,0
3406,3406.0,535,1185147.0,2170.598901098901,0.19294742535804285,74,38,16,36,72,36,2,36,0,38,72,18,0,25,72,0
3407,3407.0,535,1185682.0,2175.5633027522936,0.1696467953157421,74,38,16,36,72,36,2,36,0,38,72,18,0,25,72,0
3408,3408.0,535,1186217.0,2180.545955882353,0.1621902779520228,74,38,16,36,72,36,2,36,0,38,72,18,0,25,72,0
3409,3409.0,535,1186752.0,2177.526605504587,0.1921644232457375,74,38,16,36,72,36,2,36,0,38,72,18,0,25,72,0
3410,3410.0,535,1187287.0,2178.508256880734,0.20253259975546703,74,38,16,36,72,36,2,36,0,38,72,18,0,25,72,0
3411,3411.0,535,1187822.0,2183.4963235294117,0.20342210875430755,74,38,16,36,72,36,2,36,0,38,72,18,0,25,72,0
3412,3412.0,535,1188357.0,2184.479779411765,0.2101355379452283,74,38,16,36,72,36,2,36,0,38,72,18,0,25,72,0
3413,3413.0,535,1188892.0,2189.48802946593,0.19347898377476924,74,38,16,36,72,36,2,36,0,38,72,18,0,25,72,0
3414,3414.0,535,1189427.0,2190.4732965009207,0.1773604460501495,74,38,16,36,72,36,2,36,0,38,72,18,0,25,72,0
3415,3415.0,535,1189962.0,2187.4301470588234,0.17191476795421815,74,38,16,36,72,36,2,36,0,38,72,18,0,25,72,0
3416,3416.0,535,1190497.0,2188.4136029411766,0.14073779866315073,74,38,16,36,72,36,2,36,0,38,72,18,0,25,72,0
3417,3417.0,536,1191033.0,2189.3988970588234,0.13124518862070356,74,38,17,36,72,36,2,36,0,38,72,18,0,25,72,0
3418,3418.0,537,1191570.0,2190.386029411765,0.12874444700482743,74,38,18,36,72,36,2,36,0,38,72,18,0,25,72,0
3419,3419.0,537,1192107.0,2191.373161764706,0.1131975747307211,74,38,18,36,72,36,2,36,0,38,72,18,0,25,72,0
3420,3420.0,539,1192646.0,2192.363970588235,0.10846007060457795,74,38,20,36,72,36,2,36,0,38,72,18,0,25,72,0
3421,3421.0,539,1193185.0,2189.330275229358,0.1293143121214554,74,38,20,36,72,36,2,36,0,38,72,18,0,25,72,0
3422,3422.0,540,1193725.0,2190.321100917431,0.12558699137762322,74,38,21,36,72,36,2,36,0,38,72,18,0,25,72,0
3423,3423.0,540,1194265.0,2191.3119266055046,0.12378503518606544,74,38,21,36,72,36,2,36,0,38,72,18,0,25,72,0
3424,3424.0,540,1194805.0,2192.302752293578,0.11829014070103874,74,38,21,36,72,36,2,36,0,38,72,18,0,25,72,0
3425,3425.0,540,1195345.0,2193.293577981651,0.10376785716355888,74,38,21,36,72,36,2,36,0,38,72,18,0,25,72,0
3426,3426.0,538,1195808.0,2194.1431192660552,0.0923602133694195,74,38,19,36,72,36,2,36,0,38,72,18,0,25,72,0
3427,3427.0,536,1196271.0,2190.9725274725274,0.12019066346768664,74,38,17,36,72,36,2,36,0,38,72,18,0,25,72,0
3428,3428.0,534,1196734.0,2191.8205128205127,0.11960729122038495,74,38,15,36,72,36,2,36,0,38,72,18,0,25,72,0
3429,3429.0,534,1197198.0,2192.6703296703295,0.13433514308063252,74,38,14,36,72,36,2,36,1,38,72,18,0,25,72,0
3430,3430.0,532,1197663.0,2193.521978021978,0.15408654716985476,74,38,12,36,72,36,2,36,1,38,72,18,0,25,72,0
3431,3431.0,530,1198127.0,2194.371794871795,0.17747046064914612,74,38,10,36,72,36,2,36,1,38,72,18,0,25,72,0
3432,3432.0,529,1198590.0,2195.21978021978,0.19696382576192037,74,38,9,36,72,36,2,36,1,38,72,18,0,25,72,0
3433,3433.0,527,1199054.0,2192.054844606947,0.25449654796800797,74,38,7,36,72,36,2,36,1,38,72,18,0,25,72,0
3434,3434.0,526,1199547.0,2192.9561243144426,0.2714177582286445,74,38,5,36,72,36,2,36,2,38,72,18,0,25,72,0
3435,3435.0,521,1199961.0,2193.7129798903106,0.2824939961122751,74,38,4,36,72,36,0,36,0,38,72,18,0,25,72,0
3436,3436.0,520,1200467.0,2194.63802559415,0.29147214901287466,74,38,3,36,72,36,0,36,0,38,72,18,0,25,72,0
3437,3437.0,520,1200974.0,2195.564899451554,0.2988835784798374,74,38,3,36,72,36,0,36,0,38,72,18,0,25,72,0
3438,3438.0,520,1201494.0,2196.5155393053014,0.3133428444559895,74,38,3,36,72,36,0,36,0,38,72,18,0,25,72,0
3439,3439.0,521,1202015.0,2193.45802919708,0.3528161842872748,74,38,4,36,72,36,0,36,0,38,72,18,0,25,72,0
3440,3440.0,522,1202537.0,2194.4105839416056,0.35532630092513856,74,38,5,36,72,36,0,36,0,38,72,18,0,25,72,0
3441,3441.0,523,1203060.0,2195.3649635036495,0.35616752437545485,74,38,6,36,72,36,0,36,0,38,72,18,0,25,72,0
3442,3442.0,525,1203585.0,2196.32299270073,0.3530367637271766,74,38,8,36,72,36,0,36,0,38,72,18,0,25,72,0
3443,3443.0,525,1204110.0,2197.28102189781,0.33110511397456854,74,38,8,36,72,36,0,36,0,38,72,18,0,25,72,0
3444,3444.0,528,1204638.0,2198.2445255474454,0.28865025209724254,74,38,11,36,72,36,0,36,0,38,72,18,0,25,72,0
3445,3445.0,530,1205168.0,2195.2058287795994,0.2919846549109591,74,38,12,36,72,36,1,36,0,38,72,18,0,25,72,0
3446,3446.0,533,1205701.0,2196.176684881603,0.2802472396017831,74,38,14,36,72,36,2,36,0,38,72,18,0,25,72,0
3447,3447.0,533,1206234.0,2197.1475409836066,0.2672970457867056,74,38,14,36,72,36,2,36,0,38,72,18,0,25,72,0
3448,3448.0,537,1206771.0,2198.125683060109,0.27167071265336884,74,38,17,36,72,36,3,36,0,38,72,18,0,25,72,0
3449,3449.0,537,1207308.0,2203.116788321168,0.24970010687581395,74,38,17,36,72,36,3,36,0,38,72,18,0,25,72,0
3450,3450.0,538,1207846.0,2208.127970749543,0.21905675193506205,74,38,18,36,72,36,3,36,0,38,72,18,0,25,72,0
3451,3451.0,538,1208384.0,2205.080291970803,0.24605602443631577,74,38,18,36,72,36,3,36,0,38,72,18,0,25,72,0
3452,3452.0,538,1208922.0,2210.095063985375,0.21574423237535245,74,38,18,36,72,36,3,36,0,38,72,18,0,25,72,0
3453,3453.0,538,1209460.0,2215.128205128205,0.19113772551406302,74,38,18,36,72,36,3,36,0,38,72,18,0,25,72,0
3454,3454.0,538,1209998.0,2216.1135531135533,0.18260722689471912,74,38,18,36,72,36,3,36,0,38,72,18,0,25,72,0
3455,3455.0,538,1210536.0,2221.166972477064,0.1425226258359779,74,38,18,36,72,36,3,36,0,38,72,18,0,25,72,0
3456,3456.0,538,1211074.0,2222.154128440367,0.11469102896281472,74,38,18,36,72,36,3,36,0,38,72,18,0,25,72,0
3457,3457.0,539,1211613.0,2219.0714285714284,0.12394205440473288,74,38,19,36,72,36,3,36,0,38,72,18,0,25,72,0
3458,3458.0,539,1212152.0,2220.058608058608,0.10495128587567129,74,38,19,36,72,36,3,36,0,38,72,18,0,25,72,0
3459,3459.0,540,1212692.0,2221.0476190476193,0.09820669979587737,74,38,20,36,72,36,3,36,0,38,72,18,0,25,72,0
3460,3460.0,540,1213232.0,2222.03663003663,0.09591433376327176,74,38,20,36,72,36,3,36,0,38,72,18,0,25,72,0
3461,3461.0,542,1213774.0,2223.029304029304,0.09825208918328514,74,38,22,36,72,36,3,36,0,38,72,18,0,25,72,0
3462,3462.0,540,1214262.0,2223.923076923077,0.10374266551683607,74,38,20,36,72,36,3,36,0,38,72,18,0,25,72,0
3463,3463.0,538,1214750.0,2220.7495429616088,0.1369756677195434,74,38,18,36,72,36,3,36,0,38,72,18,0,25,72,0
3464,3464.0,536,1215239.0,2221.6435100548447,0.15774067386757387,74,38,16,36,72,36,3,36,0,38,72,18,0,25,72,0
3465,3465.0,534,1215727.0,2222.5356489945157,0.1818276139398314,74,38,14,36,72,36,3,36,0,38,72,18,0,25,72,0
3466,3466.0,532,1216215.0,2223.4277879341867,0.20608710377745895,74,38,12,36,72,36,3,36,0,38,72,18,0,25,72,0
3467,3467.0,530,1216700.0,2224.314442413163,0.2294465624941441,74,38,10,36,72,36,3,36,0,38,72,18,0,25,72,0
3468,3468.0,528,1217184.0,2225.199268738574,0.25744396580579676,74,38,8,36,72,36,3,36,0,38,72,18,0,25,72,0
3469,3469.0,526,1217668.0,2222.021897810219,0.3133985635380886,74,38,6,36,72,36,3,36,0,38,72,18,0,25,72,0
3470,3470.0,524,1218150.0,2222.901459854015,0.3219089172121657,74,38,4,36,72,36,3,36,0,38,72,18,0,25,72,0
3471,3471.0,521,1218594.0,2223.711678832117,0.32008900056577155,74,38,3,36,72,36,1,36,0,38,72,18,0,25,72,0
3472,3472.0,518,1219066.0,2224.57299270073,0.3296479208858455,74,38,1,36,72,36,0,36,0,38,72,18,0,25,72,0
3473,3473.0,520,1219586.0,2225.521897810219,0.32139995128637094,74,38,3,36,72,36,0,36,0,38,72,18,0,25,72,0
3474,3474.0,520,1220103.0,2226.465328467153,0.3166583890377805,74,38,3,36,72,36,0,36,0,38,72,18,0,25,72,0
3475,3475.0,521,1220624.0,2223.3588342440803,0.35923888589102587,74,38,4,36,72,36,0,36,0,38,72,18,0,25,72,0
3476,3476.0,523,1221147.0,2224.311475409836,0.34837483900293054,74,38,6,36,72,36,0,36,0,38,72,18,0,25,72,0
3477,3477.0,524,1221671.0,2225.2659380692166,0.3570168738079841,74,38,7,36,72,36,0,36,0,38,72,18,0,25,72,0
3478,3478.0,525,1222196.0,2226.222222222222,0.3374028429823725,74,38,8,36,72,36,0,36,0,38,72,18,0,25,72,0
3479,3479.0,526,1222722.0,2227.1803278688526,0.30996449744177773,74,38,9,36,72,36,0,36,0,38,72,18,0,25,72,0
3480,3480.0,527,1223249.0,2228.1402550091075,0.2784891439869,74,38,10,36,72,36,0,36,0,38,72,18,0,25,72,0
3481,3481.0,529,1223778.0,2225.050909090909,0.26705197960205357,74,38,12,36,72,36,0,36,0,38,72,18,0,25,72,0
3482,3482.0,531,1224309.0,2226.0163636363636,0.2452817250152324,74,38,13,36,72,36,1,36,0,38,72,18,0,25,72,0
3483,3483.0,535,1224844.0,2226.989090909091,0.21747123570886148,74,38,15,36,72,36,2,36,1,38,72,18,0,25,72,0
3484,3484.0,537,1225381.0,2232.023679417122,0.1748032614874063,74,38,16,36,72,36,3,36,1,38,72,18,0,25,72,0
3485,3485.0,539,1225920.0,2237.080291970803,0.12995934481377366,74,38,17,36,72,36,4,36,1,38,72,18,0,25,72,0
3486,3486.0,538,1226432.0,2238.014598540146,0.12769105628025382,74,38,16,36,72,36,4,36,1,38,72,18,0,25,72,0
3487,3487.0,537,1226944.0,2243.0420475319925,0.11614911008784395,74,38,15,36,72,36,4,36,1,38,72,18,0,25,72,0
3488,3488.0,535,1227455.0,2243.9762340036564,0.13539354846376667,74,38,13,36,72,36,4,36,1,38,72,18,0,25,72,0
3489,3489.0,533,1227959.0,2249.0091575091574,0.13723614161820288,74,38,12,36,72,36,4,36,0,38,72,18,0,25,72,0
3490,3490.0,531,1228469.0,2249.9432234432234,0.17324331948825744,74,38,10,36,72,36,4,36,0,38,72,18,0,25,72,0
3491,3491.0,529,1228979.0,2250.8772893772893,0.20817229142445334,74,38,8,36,72,36,4,36,0,38,72,18,0,25,72,0
3492,3492.0,527,1229486.0,2251.805860805861,0.253967386866728,74,38,6,36,72,36,4,36,0,38,72,18,0,25,72,0
3493,3493.0,525,1229992.0,2248.6142595978063,0.31621438035021293,74,38,4,36,72,36,4,36,0,38,72,18,0,25,72,0
3494,3494.0,523,1230498.0,2249.5393053016455,0.3401886075775785,74,38,2,36,72,36,4,36,0,38,72,18,0,25,72,0
3495,3495.0,519,1230978.0,2250.416819012797,0.3591948366894936,74,38,0,36,72,36,2,36,0,38,72,18,0,25,72,0
3496,3496.0,518,1231473.0,2251.321755027422,0.3778649334805825,74,38,1,36,72,36,0,36,0,38,72,18,0,25,72,0
3497,3497.0,519,1231992.0,2252.270566727605,0.38510889566313156,74,38,2,36,72,36,0,36,0,38,72,18,0,25,72,0
3498,3498.0,520,1232512.0,2253.221206581353,0.37565910537700115,74,38,3,36,72,36,0,36,0,38,72,18,0,25,72,0
3499,3499.0,521,1233033.0,2250.060218978102,0.38667269667689724,74,38,4,36,72,36,0,36,0,38,72,18,0,25,72,0
3500,3500.0,522,1233555.0,2251.0127737226276,0.37100179860452714,74,38,5,36,72,36,0,36,0,38,72,18,0,25,72,0
3501,3501.0,523,1234078.0,2251.9671532846714,0.35260866297911087,74,38,6,36,72,36,0,36,0,38,72,18,0,25,72,0
3502,3502.0,525,1234603.0,2252.925182481752,0.32857689694725045,74,38,8,36,72,36,0,36,0,38,72,18,0,25,72,0
3503,3503.0,526,1235129.0,2253.8850364963505,0.2999722870359762,74,38,9,36,72,36,0,36,0,38,72,18,0,25,72,0
3504,3504.0,528,1235657.0,2254.848540145985,0.2480718011030706,74,38,10,36,72,36,0,36,0,38,72,18,1,25,72,0
3505,3505.0,532,1236189.0,2251.710382513661,0.24226903294207988,74,38,11,36,72,36,2,36,0,38,72,18,2,25,72,0
3506,3506.0,536,1236725.0,2252.686703096539,0.22280685653457252,74,38,14,36,72,36,3,36,0,38,72,18,2,25,72,0
3507,3507.0,538,1237263.0,2253.6666666666665,0.21310830123940855,74,38,15,36,72,36,3,36,0,38,72,18,3,25,72,0
3508,3508.0,539,1237802.0,2254.648451730419,0.1991158534518762,74,38,15,36,72,36,4,36,0,38,72,18,3,25,72,0
3509,3509.0,540,1238342.0,2255.632058287796,0.19571558023960228,74,38,15,36,72,36,4,36,0,38,72,18,4,25,72,0
3510,3510.0,540,1238882.0,2264.8665447897624,0.15791725853443425,74,38,15,36,72,36,4,36,0,38,72,18,4,25,72,0
3511,3511.0,540,1239422.0,2265.853747714808,0.16966746300557267,74,38,15,36,72,36,4,36,0,38,72,18,4,25,72,0
3512,3512.0,540,1239962.0,2270.992673992674,0.14189755318838349,74,38,15,36,72,36,4,36,0,38,72,18,4,25,72,0
3513,3513.0,538,1240484.0,2276.1174311926607,0.12276557635334995,74,38,15,36,72,36,2,36,0,38,72,18,4,25,72,0
3514,3514.0,536,1241006.0,2281.261029411765,0.10610765420019481,74,38,15,36,72,36,0,36,0,38,72,18,4,25,72,0
3515,3515.0,536,1241542.0,2282.2463235294117,0.10653697095628453,74,38,15,36,72,36,0,36,0,38,72,18,4,25,72,0
3516,3516.0,534,1242053.0,2283.185661764706,0.12861897404574174,74,38,15,36,72,36,0,36,0,38,72,18,2,25,72,0
3517,3517.0,533,1242568.0,2279.9412844036697,0.1823119259726598,74,38,15,36,72,36,0,36,0,38,72,18,1,25,72,0
3518,3518.0,532,1243099.0,2280.915596330275,0.20958906809241215,74,38,15,36,72,36,0,36,0,38,72,18,0,25,72,0
3519,3519.0,532,1243631.0,2281.8917431192663,0.23987714730574544,74,38,15,36,72,36,0,36,0,38,72,18,0,25,72,0
3520,3520.0,532,1244163.0,2282.867889908257,0.2652726043109533,74,38,15,36,72,36,0,36,0,38,72,18,0,25,72,0
3521,3521.0,532,1244695.0,2283.8440366972477,0.278640978793307,74,38,15,36,72,36,0,36,0,38,72,18,0,25,72,0
3522,3522.0,532,1245227.0,2284.8201834862384,0.30213906442100164,74,38,15,36,72,36,0,36,0,38,72,18,0,25,72,0
3523,3523.0,532,1245759.0,2281.6098901098903,0.3372954206083881,74,38,15,36,72,36,0,36,0,38,72,18,0,25,72,0
3524,3524.0,532,1246291.0,2282.584249084249,0.3465279332181453,74,38,15,36,72,36,0,36,0,38,72,18,0,25,72,0
3525,3525.0,532,1246823.0,2287.748623853211,0.30046607030157835,74,38,15,36,72,36,0,36,0,38,72,18,0,25,72,0
3526,3526.0,532,1247355.0,2292.9319852941176,0.24583259254937756,74,38,15,36,72,36,0,36,0,38,72,18,0,25,72,0
3527,3527.0,532,1247887.0,2293.9099264705883,0.21086434433853918,74,38,15,36,72,36,0,36,0,38,72,18,0,25,72,0
3528,3528.0,533,1248420.0,2294.889705882353,0.1935147995925985,74,38,16,36,72,36,0,36,0,38,72,18,0,25,72,0
3529,3529.0,533,1248953.0,2300.097605893186,0.15655877680647282,74,38,16,36,72,36,0,36,0,38,72,18,0,25,72,0
3530,3530.0,535,1249488.0,2301.0828729281766,0.14482652785309386,74,38,18,36,72,36,0,36,0,38,72,18,0,25,72,0
3531,3531.0,533,1249952.0,2301.9373848987107,0.14532343494584926,74,38,16,36,72,36,0,36,0,38,72,18,0,25,72,0
3532,3532.0,532,1250417.0,2302.793738489871,0.14872530845601353,74,38,15,36,72,36,0,36,0,38,72,18,0,25,72,0
3533,3533.0,531,1250883.0,2303.6519337016575,0.16277756985675038,74,38,14,36,72,36,0,36,0,38,72,18,0,25,72,0
3534,3534.0,530,1251349.0,2304.5101289134436,0.18121464186023187,74,38,13,36,72,36,0,36,0,38,72,18,0,25,72,0
3535,3535.0,528,1251814.0,2301.1286764705883,0.22686341256211287,74,38,11,36,72,36,0,36,0,38,72,18,0,25,72,0
3536,3536.0,526,1252279.0,2301.983455882353,0.25223722227103607,74,38,9,36,72,36,0,36,0,38,72,18,0,25,72,0
3537,3537.0,524,1252742.0,2302.8345588235293,0.2741936702901901,74,38,7,36,72,36,0,36,0,38,72,18,0,25,72,0
3538,3538.0,522,1253224.0,2303.720588235294,0.2951286360128738,74,38,5,36,72,36,0,36,0,38,72,18,0,25,72,0
3539,3539.0,522,1253739.0,2304.667279411765,0.306486409819775,74,38,5,36,72,36,0,36,0,38,72,18,0,25,72,0
3540,3540.0,520,1254241.0,2305.5900735294117,0.30822792714474684,74,38,3,36,72,36,0,36,0,38,72,18,0,25,72,0
3541,3541.0,522,1254752.0,2302.2972477064222,0.3324491272070355,74,38,5,36,72,36,0,36,0,38,72,18,0,25,72,0
3542,3542.0,521,1255261.0,2303.2311926605503,0.3249420157199,74,38,4,36,72,36,0,36,0,38,72,18,0,25,72,0
3543,3543.0,521,1255780.0,2304.183486238532,0.3206449249272005,74,38,4,36,72,36,0,36,0,38,72,18,0,25,72,0
3544,3544.0,522,1256302.0,2305.14128440367,0.309668881588798,74,38,5,36,72,36,0,36,0,38,72,18,0,25,72,0
3545,3545.0,523,1256825.0,2306.1009174311926,0.2994551031354804,74,38,6,36,72,36,0,36,0,38,72,18,0,25,72,0
3546,3546.0,524,1257349.0,2307.062385321101,0.2946457479432677,74,38,7,36,72,36,0,36,0,38,72,18,0,25,72,0
3547,3547.0,525,1257874.0,2303.798534798535,0.31070245063397833,74,38,8,36,72,36,0,36,0,38,72,18,0,25,72,0
3548,3548.0,526,1258400.0,2304.7619047619046,0.28143464288774167,74,38,9,36,72,36,0,36,0,38,72,18,0,25,72,0
3549,3549.0,527,1258927.0,2305.727106227106,0.25730723211683165,74,38,10,36,72,36,0,36,0,38,72,18,0,25,72,0
3550,3550.0,530,1259457.0,2306.697802197802,0.23304333622884574,74,38,13,36,72,36,0,36,0,38,72,18,0,25,72,0
3551,3551.0,531,1259988.0,2307.6703296703295,0.22023435292991347,74,38,14,36,72,36,0,36,0,38,72,18,0,25,72,0
3552,3552.0,534,1260522.0,2308.6483516483518,0.21333054242533767,74,38,16,36,72,36,1,36,0,38,72,18,0,25,72,0
3553,3553.0,536,1261058.0,2305.4076782449724,0.21633127818490525,74,38,17,36,72,36,2,36,0,38,72,18,0,25,72,0
3554,3554.0,537,1261595.0,2306.3893967093236,0.19708709937112123,74,38,18,36,72,36,2,36,0,38,72,18,0,25,72,0
3555,3555.0,537,1262132.0,2311.5970695970695,0.1679624655767252,74,38,18,36,72,36,2,36,0,38,72,18,0,25,72,0
3556,3556.0,537,1262669.0,2316.823853211009,0.13346599580213334,74,38,18,36,72,36,2,36,0,38,72,18,0,25,72,0
3557,3557.0,539,1263208.0,2322.073529411765,0.09912950457768323,74,38,19,36,72,36,2,36,0,38,72,18,1,25,72,0
3558,3558.0,539,1263747.0,2323.064338235294,0.09420219511542312,74,38,19,36,72,36,2,36,0,38,72,18,1,25,72,0
3559,3559.0,540,1264287.0,2324.0569852941176,0.09955614439679634,74,38,19,36,72,36,2,36,0,38,72,18,2,25,72,0
3560,3560.0,540,1264827.0,2325.049632352941,0.09812006947071587,74,38,19,36,72,36,2,36,0,38,72,18,2,25,72,0
3561,3561.0,540,1265367.0,2326.042279411765,0.09998870351321548,74,38,19,36,72,36,2,36,0,38,72,18,2,25,72,0
3562,3562.0,540,1265907.0,2327.0349264705883,0.09703498745140852,74,38,19,36,72,36,2,36,0,38,72,18,2,25,72,0
3563,3563.0,540,1266447.0,2328.0275735294117,0.09467952331483102,74,38,19,36,72,36,2,36,0,38,72,18,2,25,72,0
3564,3564.0,538,1266973.0,2328.9944852941176,0.10161712155137115,74,38,19,36,72,36,2,36,0,38,72,18,0,25,72,0
3565,3565.0,538,1267511.0,2325.708256880734,0.12551344112563184,74,38,19,36,72,36,2,36,0,38,72,18,0,25,72,0
3566,3566.0,538,1268049.0,2326.6954128440366,0.12838463216256663,74,38,19,36,72,36,2,36,0,38,72,18,0,25,72,0
3567,3567.0,538,1268587.0,2327.6825688073395,0.1341157040539243,74,38,19,36,72,36,2,36,0,38,72,18,0,25,72,0
3568,3568.0,538,1269125.0,2328.669724770642,0.14438577411795966,74,38,19,36,72,36,2,36,0,38,72,18,0,25,72,0
3569,3569.0,538,1269663.0,2329.656880733945,0.15826748677152513,74,38,19,36,72,36,2,36,0,38,72,18,0,25,72,0
3570,3570.0,536,1270141.0,2330.5339449541284,0.16864199651035655,74,38,17,36,72,36,2,36,0,38,72,18,0,25,72,0
3571,3571.0,534,1270619.0,2327.141025641026,0.21303035634018638,74,38,15,36,72,36,2,36,0,38,72,18,0,25,72,0
3572,3572.0,532,1271096.0,2328.014652014652,0.2156081807886049,74,38,13,36,72,36,2,36,0,38,72,18,0,25,72,0
3573,3573.0,530,1271572.0,2328.8864468864467,0.2210233794688439,74,38,11,36,72,36,2,36,0,38,72,18,0,25,72,0
3574,3574.0,528,1272049.0,2329.760073260073,0.22265100881407818,74,38,9,36,72,36,2,36,0,38,72,18,0,25,72,0
3575,3575.0,526,1272525.0,2330.631868131868,0.2364808988428323,74,38,7,36,72,36,2,36,0,38,72,18,0,25,72,0
3576,3576.0,526,1273000.0,2331.5018315018315,0.2665631809900313,74,38,7,36,72,36,2,36,0,38,72,18,0,25,72,0
3577,3577.0,524,1273474.0,2328.106032906764,0.3189937520282883,74,38,5,36,72,36,2,36,0,38,72,18,0,25,72,0
3578,3578.0,524,1273949.0,2328.9744058500914,0.3332227853581636,74,38,5,36,72,36,2,36,0,38,72,18,0,25,72,0
3579,3579.0,520,1274391.0,2329.782449725777,0.3446619490108491,74,38,3,36,72,36,0,36,0,38,72,18,0,25,72,0
3580,3580.0,521,1274910.0,2330.73126142596,0.35237526162074856,74,38,4,36,72,36,0,36,0,38,72,18,0,25,72,0
3581,3581.0,520,1275425.0,2331.672760511883,0.355718947566673,74,38,3,36,72,36,0,36,0,38,72,18,0,25,72,0
3582,3582.0,519,1275940.0,2332.6142595978063,0.346211684518252,74,38,2,36,72,36,0,36,0,38,72,18,0,25,72,0
3583,3583.0,520,1276460.0,2329.306569343066,0.3581084520795488,74,38,3,36,72,36,0,36,0,38,72,18,0,25,72,0
3584,3584.0,521,1276981.0,2330.257299270073,0.3451847997049333,74,38,4,36,72,36,0,36,0,38,72,18,0,25,72,0
3585,3585.0,522,1277503.0,2331.2098540145985,0.3418355221871026,74,38,5,36,72,36,0,36,0,38,72,18,0,25,72,0
3586,3586.0,524,1278027.0,2332.1660583941607,0.33525845052549097,74,38,7,36,72,36,0,36,0,38,72,18,0,25,72,0
3587,3587.0,526,1278553.0,2333.125912408759,0.31200866492934204,74,38,9,36,72,36,0,36,0,38,72,18,0,25,72,0
3588,3588.0,526,1279079.0,2334.0857664233577,0.28310535529327907,74,38,9,36,72,36,0,36,0,38,72,18,0,25,72,0
3589,3589.0,526,1279605.0,2330.792349726776,0.2827407949560176,74,38,9,36,72,36,0,36,0,38,72,18,0,25,72,0
3590,3590.0,529,1280134.0,2331.7559198542804,0.26741469267955115,74,38,12,36,72,36,0,36,0,38,72,18,0,25,72,0
3591,3591.0,533,1280667.0,2332.726775956284,0.26190851254922365,74,38,14,36,72,36,2,36,0,38,72,18,0,25,72,0
3592,3592.0,534,1281200.0,2333.6976320582876,0.2460818655064082,74,38,15,36,72,36,2,36,0,38,72,18,0,25,72,0
3593,3593.0,535,1281735.0,2338.932481751825,0.21466897806346985,74,38,16,36,72,36,2,36,0,38,72,18,0,25,72,0
3594,3594.0,536,1282271.0,2339.9105839416056,0.2116255275872724,74,38,17,36,72,36,2,36,0,38,72,18,0,25,72,0
3595,3595.0,537,1282808.0,2345.1700182815357,0.189784772824281,74,38,18,36,72,36,2,36,0,38,72,18,0,25,72,0
3596,3596.0,538,1283346.0,2354.7633027522934,0.14006744367356805,74,38,19,36,72,36,2,36,0,38,72,18,0,25,72,0
3597,3597.0,539,1283885.0,2355.7522935779816,0.14347960755173927,74,38,20,36,72,36,2,36,0,38,72,18,0,25,72,0
3598,3598.0,539,1284424.0,2361.073529411765,0.12238044718774545,74,38,20,36,72,36,2,36,0,38,72,18,0,25,72,0
3599,3599.0,539,1284963.0,2362.064338235294,0.124250846993313,74,38,20,36,72,36,2,36,0,38,72,18,0,25,72,0
