,system_time,system_total_stopped,system_total_waiting_time,system_mean_waiting_time,system_mean_speed,phase_i_cr30_101,phase_i_cr30_gln,phase_i_cr30_lln,phase_i_cr30_tln
0,0.0,0,0.0,0.0,0.0,0,0,0,0
1,1.0,1,0.0,0.0,0.0,0,0,0,0
2,2.0,1,0.0,0.0,1.0746224505826831,0,0,0,0
3,3.0,1,0.0,0.0,1.8979329203488307,0,0,0,0
4,4.0,1,0.0,0.0,2.693930166325299,0,0,0,0
5,5.0,1,0.0,0.0,3.766435029376298,0,0,1,0
6,6.0,1,0.0,0.0,4.856376591410178,0,0,0,0
7,7.0,1,0.0,0.0,5.719209658331238,0,0,0,0
8,8.0,1,0.0,0.0,6.682594034093199,0,0,0,0
9,9.0,1,0.0,0.0,7.816634989454826,0,0,0,1
10,10.0,2,0.0,0.0,7.983562169577504,0,0,0,0
11,11.0,1,0.0,0.0,8.860803267832152,0,0,0,0
12,12.0,1,0.0,0.0,9.345701643749326,0,0,0,0
13,13.0,1,0.0,0.0,9.537686929312816,1,0,0,0
14,14.0,1,0.0,0.0,9.753644037258926,0,0,0,0
15,15.0,1,0.0,0.0,10.207125309074009,0,0,0,0
16,16.0,1,0.0,0.0,10.351764937359404,0,0,0,0
17,17.0,1,0.0,0.0,10.824915890400453,0,0,0,0
18,18.0,1,0.0,0.0,11.025068433558522,0,0,0,0
19,19.0,1,0.0,0.0,11.237246411002824,0,0,0,0
20,20.0,1,0.0,0.0,11.65581418681912,0,0,0,0
21,21.0,1,0.0,0.0,12.406168547013387,0,0,0,0
22,22.0,1,0.0,0.0,12.999069377888658,0,0,0,0
23,23.0,2,1.0,0.041666666666666664,13.35779688344226,0,0,0,1
24,24.0,2,2.0,0.08,13.531238576776838,0,0,1,1
25,25.0,2,3.0,0.11538461538461539,13.800875500343635,0,0,0,1
26,26.0,2,5.0,0.19230769230769232,14.379347266263661,1,0,0,1
27,27.0,4,8.0,0.2962962962962963,14.218214839086123,1,1,0,1
28,28.0,4,11.0,0.39285714285714285,14.310110682467267,1,1,0,1
29,29.0,4,14.0,0.4827586206896552,13.945601295971464,1,1,1,1
30,30.0,3,9.0,0.3,13.575506787063526,1,1,0,0
31,31.0,5,13.0,0.41935483870967744,13.41301079844508,1,2,0,0
32,32.0,4,15.0,0.46875,13.142648645427546,1,2,1,0
33,33.0,4,18.0,0.5454545454545454,13.033976675966677,1,2,0,0
34,34.0,4,21.0,0.6176470588235294,12.717750246413033,1,2,0,0
35,35.0,5,25.0,0.7142857142857143,12.373222008485488,2,2,0,0
36,36.0,6,30.0,0.8333333333333334,12.051349760390748,2,2,1,0
37,37.0,7,35.0,0.9459459459459459,11.314635152693773,2,2,1,0
38,38.0,8,41.0,1.0512820512820513,11.136286570761861,2,3,1,0
39,39.0,5,24.0,0.6,11.617605827423887,2,0,2,0
40,40.0,4,26.0,0.6341463414634146,12.192299731330873,2,0,1,0
41,41.0,4,29.0,0.6904761904761905,12.685547497872578,2,0,1,0
42,42.0,3,24.0,0.5581395348837209,13.025646167806194,1,0,1,0
43,43.0,3,26.0,0.5909090909090909,13.247386972676834,1,0,1,0
44,44.0,3,28.0,0.6222222222222222,13.476685585910946,1,0,1,0
45,45.0,5,32.0,0.6956521739130435,13.642189792019412,2,0,2,0
46,46.0,4,36.0,0.782608695652174,14.28722592291199,2,0,2,0
47,47.0,6,40.0,0.8333333333333334,14.322778487606987,2,0,2,0
48,48.0,5,44.0,0.8979591836734694,14.478266521400585,2,0,2,1
49,49.0,6,49.0,0.98,14.376496042216194,2,0,3,0
50,50.0,5,54.0,1.08,14.459364178768242,2,0,3,0
51,51.0,7,60.0,1.1764705882352942,14.283834397579009,3,0,3,0
52,52.0,8,66.0,1.2452830188679245,13.754906311338942,3,0,4,0
53,53.0,9,73.0,1.3518518518518519,13.15678906437558,3,1,3,0
54,54.0,10,82.0,1.490909090909091,13.021434312584839,4,1,3,1
55,55.0,11,92.0,1.6727272727272726,12.67407110725671,5,1,3,1
56,56.0,13,103.0,1.8392857142857142,11.874880152646467,6,1,3,1
57,57.0,12,114.0,2.0,11.64562231613532,6,1,3,1
58,58.0,13,126.0,2.1724137931034484,11.421540025446776,7,1,3,1
59,59.0,12,138.0,2.3793103448275863,11.090369006139575,7,1,3,1
60,60.0,13,151.0,2.603448275862069,10.891593913843566,8,1,3,1
61,61.0,16,166.0,2.8135593220338984,10.438659405990505,9,1,4,1
62,62.0,20,185.0,3.0833333333333335,10.095576631593428,10,1,6,2
63,63.0,18,186.0,3.1,10.149762101949959,8,2,6,2
64,64.0,20,198.0,3.193548387096774,9.945240261881686,8,2,7,2
65,65.0,17,211.0,3.403225806451613,10.02433399078271,7,2,6,2
66,66.0,19,221.0,3.453125,9.472613674162517,6,4,6,2
67,67.0,18,238.0,3.6615384615384614,9.635658269141725,6,3,8,1
68,68.0,19,255.0,3.8059701492537314,9.677298511307097,6,4,7,1
69,69.0,19,273.0,4.014705882352941,9.83442464509159,6,4,7,2
70,70.0,20,292.0,4.231884057971015,9.855133540160248,6,4,7,2
71,71.0,19,311.0,4.507246376811594,10.087006381335236,6,4,7,2
72,72.0,21,331.0,4.728571428571429,10.120696410270702,6,5,7,2
73,73.0,23,352.0,4.888888888888889,10.149158665990795,6,5,7,3
74,74.0,23,374.0,5.194444444444445,10.256387867287707,7,6,7,3
75,75.0,20,373.0,5.109589041095891,10.326266414866085,7,4,7,1
76,76.0,21,392.0,5.226666666666667,9.998189739830044,7,4,7,2
77,77.0,20,411.0,5.407894736842105,9.73857754211377,7,4,7,1
78,78.0,23,433.0,5.623376623376624,9.680215256552986,8,5,9,1
79,79.0,25,457.0,5.858974358974359,9.582843711171176,9,5,9,1
80,80.0,25,481.0,6.0886075949367084,9.525095082234865,9,5,9,1
81,81.0,27,506.0,6.246913580246914,9.340937505083462,9,6,10,1
82,82.0,28,533.0,6.5,9.318227373853608,9,8,9,1
83,83.0,28,560.0,6.746987951807229,9.230302597646052,9,8,10,1
84,84.0,28,586.0,7.0602409638554215,9.365568970653813,10,7,10,1
85,85.0,29,612.0,7.2,9.281754089713635,10,7,9,1
86,86.0,29,640.0,7.441860465116279,9.375751790581335,11,7,9,1
87,87.0,29,660.0,7.586206896551724,9.34549299489699,11,7,9,1
88,88.0,30,687.0,7.806818181818182,9.361859782369983,10,7,10,2
89,89.0,31,718.0,8.25287356321839,9.268418617117172,10,7,11,3
90,90.0,33,749.0,8.415730337078651,9.203769066169581,10,7,11,3
91,91.0,32,780.0,8.764044943820224,9.354300847704343,10,7,11,3
92,92.0,32,807.0,8.966666666666667,9.375286890261323,10,7,11,3
93,93.0,31,838.0,9.311111111111112,9.466180636352824,10,7,11,3
94,94.0,33,869.0,9.445652173913043,9.429552807179954,10,7,11,3
95,95.0,33,902.0,9.804347826086957,9.561059234891108,10,8,12,3
96,96.0,37,939.0,10.206521739130435,9.668051142837765,10,9,14,4
97,97.0,40,977.0,10.619565217391305,9.35632573799755,10,9,15,4
98,98.0,39,1015.0,10.913978494623656,9.501881486580421,10,9,15,4
99,99.0,41,1053.0,11.08421052631579,9.29251458883518,10,9,15,4
100,100.0,41,1092.0,11.257731958762887,9.262780154092258,11,9,15,4
101,101.0,41,1132.0,11.670103092783505,9.04950624504833,12,9,15,4
102,102.0,40,1151.0,11.744897959183673,8.926140370290737,12,10,15,3
103,103.0,38,1171.0,11.828282828282829,8.988984596815735,12,10,13,2
104,104.0,38,1209.0,12.212121212121213,9.02486496750634,12,11,13,2
105,105.0,38,1237.0,12.37,8.98434554667862,10,11,14,2
106,106.0,38,1274.0,12.74,8.87220885494007,10,11,14,2
107,107.0,40,1312.0,12.862745098039216,8.901320695279736,10,12,14,2
108,108.0,42,1352.0,13.0,9.02440593192475,10,12,15,4
109,109.0,41,1392.0,13.257142857142858,9.227445244040737,10,12,16,3
110,110.0,42,1434.0,13.657142857142857,9.46480302821734,10,12,16,4
111,111.0,41,1470.0,13.867924528301886,9.558358910376924,10,12,16,2
112,112.0,41,1510.0,14.11214953271028,9.663307859404256,10,12,16,2
113,113.0,40,1550.0,14.485981308411215,9.747936707023516,10,12,16,2
114,114.0,42,1590.0,14.85981308411215,9.541701873921797,10,12,17,3
115,115.0,40,1630.0,15.233644859813085,9.634012804690093,10,12,16,2
116,116.0,42,1671.0,15.472222222222221,9.564269534926105,11,12,16,2
117,117.0,46,1714.0,15.441441441441441,9.359882537994066,12,13,16,3
118,118.0,46,1759.0,15.705357142857142,9.308609310583465,13,13,17,2
119,119.0,47,1805.0,15.973451327433628,9.067401128944013,14,13,17,2
120,120.0,45,1677.0,14.710526315789474,8.79252675179817,14,11,17,2
121,121.0,42,1626.0,14.139130434782608,8.661919576431078,14,8,18,2
122,122.0,42,1586.0,13.672413793103448,8.57509184882823,15,7,17,2
123,123.0,43,1398.0,11.948717948717949,8.594461948827043,14,5,20,3
124,124.0,37,1252.0,10.610169491525424,8.745331937619328,12,3,18,4
125,125.0,34,1161.0,9.756302521008404,8.816193569325529,10,2,18,3
126,126.0,36,1127.0,9.391666666666667,8.83201479172549,9,2,20,3
127,127.0,34,1116.0,9.223140495867769,9.196734247667242,9,1,20,3
128,128.0,35,1109.0,9.165289256198347,9.412601550773893,9,1,20,4
129,129.0,36,1132.0,9.278688524590164,9.614770251827753,9,1,21,4
130,130.0,35,1164.0,9.463414634146341,9.638896203371408,8,1,21,4
131,131.0,37,1201.0,9.764227642276422,9.602395025463869,9,3,21,4
132,132.0,39,1208.0,9.664,9.372177345323061,7,5,21,4
133,133.0,37,1231.0,9.848,9.257817090746158,6,6,21,4
134,134.0,39,1258.0,10.227642276422765,8.977165901737859,6,7,22,4
135,135.0,40,1273.0,10.434426229508198,8.673096067812661,5,9,22,3
136,136.0,45,1298.0,10.384,8.363738977456986,5,11,24,3
137,137.0,44,1334.0,10.845528455284553,8.124896490045309,5,11,25,3
138,138.0,47,1372.0,11.064516129032258,7.915150300947227,4,13,26,3
139,139.0,49,1420.0,11.544715447154472,7.699719148276398,6,14,25,3
140,140.0,49,1468.0,11.934959349593496,7.767308638275105,5,14,25,3
141,141.0,51,1518.0,12.442622950819672,7.705648261950521,5,14,26,4
142,142.0,53,1570.0,12.764227642276422,7.739683733378874,6,14,27,4
143,143.0,54,1623.0,13.088709677419354,7.778399082387633,6,15,27,4
144,144.0,54,1666.0,13.328,7.796042947025665,7,16,27,2
145,145.0,59,1724.0,13.682539682539682,7.898864081587584,8,17,30,3
146,146.0,61,1783.0,13.9296875,7.894871982104236,8,17,29,4
147,147.0,60,1835.0,14.3359375,8.107459588514487,9,18,29,4
148,148.0,62,1896.0,14.8125,8.11810707792814,9,18,29,5
149,149.0,64,1958.0,15.178294573643411,8.016684315955112,9,18,30,5
150,150.0,64,2021.0,15.546153846153846,8.021263732954067,9,18,30,6
151,151.0,64,2084.0,15.908396946564885,8.05542207387935,9,19,30,6
152,152.0,64,2147.0,16.265151515151516,8.063299657150623,9,18,30,6
153,153.0,65,2192.0,16.481203007518797,7.949282304534117,8,18,31,7
154,154.0,64,2238.0,16.954545454545453,7.951552164925164,7,19,31,7
155,155.0,65,2285.0,17.442748091603054,8.065795792754448,6,20,32,7
156,156.0,65,2332.0,17.801526717557252,7.836429909579812,5,20,32,7
157,157.0,65,2381.0,18.17557251908397,7.600272327025814,4,20,34,7
158,158.0,64,2430.0,18.549618320610687,7.488838998982455,3,20,33,7
159,159.0,64,2478.0,18.63157894736842,7.444107931217113,2,20,33,7
160,160.0,64,2529.0,19.30534351145038,7.308669981149804,1,22,34,7
161,161.0,66,2593.0,19.49624060150376,7.1674541341803675,1,22,34,7
162,162.0,66,2657.0,19.828358208955223,6.994064102852768,1,23,34,7
163,163.0,67,2723.0,20.17037037037037,6.9847824715287326,2,23,35,7
164,164.0,66,2789.0,20.659259259259258,6.994520361086666,2,22,35,7
165,165.0,67,2725.0,20.03676470588235,6.833545440745578,3,20,35,7
166,166.0,64,2701.0,19.860294117647058,6.967069693980612,3,18,35,7
167,167.0,65,2698.0,19.55072463768116,6.828925373247108,3,16,35,7
168,168.0,66,2698.0,19.271428571428572,6.909344834817901,4,15,35,7
169,169.0,64,2699.0,19.27857142857143,7.073354660592161,5,13,35,7
170,170.0,67,2707.0,18.93006993006993,7.2615038229413775,6,12,36,7
171,171.0,64,2727.0,18.9375,7.536932221450235,6,11,36,7
172,172.0,63,2757.0,19.013793103448275,7.830910170033326,6,10,35,8
173,173.0,62,2805.0,19.344827586206897,7.965093855581691,6,9,35,8
174,174.0,60,2857.0,19.70344827586207,8.2298084414875,6,8,35,8
175,175.0,60,2903.0,19.883561643835616,8.421265673676892,6,7,35,8
176,176.0,63,2954.0,19.95945945945946,8.349618749831606,6,6,36,8
177,177.0,63,3017.0,20.385135135135137,8.469762799985485,6,8,36,8
178,178.0,64,3080.0,20.81081081081081,8.266690100550191,6,8,36,8
179,179.0,66,3145.0,21.25,8.000317483422993,6,10,36,8
180,180.0,70,3214.0,21.57046979865772,7.745603444169264,6,13,36,8
181,181.0,71,3284.0,22.040268456375838,7.489178088775304,6,13,36,8
182,182.0,72,3354.0,22.66216216216216,6.982390607480435,6,13,36,8
183,183.0,75,3408.0,23.027027027027028,6.72229154915446,5,17,36,9
184,184.0,74,3461.0,24.03472222222222,6.12748716967882,4,17,36,9
185,185.0,79,3521.0,24.282758620689656,5.908752648000979,4,20,37,9
186,186.0,81,3584.0,24.717241379310344,5.842961140066898,5,22,37,9
187,187.0,80,3647.0,25.32638888888889,5.811328298868124,4,23,37,9
188,188.0,84,3728.0,25.534246575342465,5.79004086898535,4,23,37,9
189,189.0,86,3812.0,25.756756756756758,5.7845822505442595,4,25,37,9
190,190.0,86,3893.0,26.304054054054053,5.907682734085668,5,27,36,9
191,191.0,88,3979.0,26.70469798657718,5.710910838068785,5,27,37,9
192,192.0,88,4058.0,27.053333333333335,5.726547148686189,4,29,36,9
193,193.0,89,4145.0,27.450331125827816,5.757737761024173,4,29,36,10
194,194.0,90,4234.0,28.039735099337747,5.748421838368717,4,29,37,9
195,195.0,91,4325.0,28.642384105960264,5.724617650680307,4,29,37,9
196,196.0,93,4417.0,29.05921052631579,5.594116787586315,6,29,37,9
197,197.0,97,4511.0,29.10322580645161,5.440076738085742,5,30,37,9
198,198.0,98,4608.0,29.53846153846154,5.291091703943187,5,31,37,10
199,199.0,98,4704.0,29.961783439490446,5.2731252618062525,5,31,37,10
200,200.0,98,4801.0,30.38607594936709,5.2271575399566865,5,31,37,10
201,201.0,98,4898.0,30.80503144654088,5.31524725719321,5,31,37,10
202,202.0,103,5000.0,31.446540880503143,5.367148363989197,5,33,39,10
203,203.0,102,5102.0,32.29113924050633,5.424090649281738,5,33,39,10
204,204.0,103,5204.0,32.729559748427675,5.528221305510072,5,34,39,10
205,205.0,104,5307.0,33.58860759493671,5.375780328202209,5,33,39,10
206,206.0,107,5412.0,33.825,5.29231091105834,5,35,40,10
207,207.0,111,5521.0,34.29192546583851,5.108084711910856,5,37,40,10
208,208.0,110,5630.0,34.96894409937888,4.978781240195806,5,37,40,10
209,209.0,112,5741.0,35.43827160493827,4.915539315388937,5,37,40,10
210,210.0,113,5853.0,36.129629629629626,4.766227778302388,5,38,40,10
211,211.0,112,5965.0,37.04968944099379,4.527994864521888,5,38,40,10
212,212.0,115,6078.0,37.75155279503105,4.099182703587265,5,39,41,10
213,213.0,112,6054.0,37.370370370370374,4.0075745983387,5,39,41,8
214,214.0,113,6102.0,37.43558282208589,3.891364460797702,5,40,40,7
215,215.0,115,6172.0,37.63414634146341,3.7758356341644244,6,41,40,7
216,216.0,114,6250.0,37.878787878787875,3.886719388566916,7,41,40,5
217,217.0,114,6344.0,38.448484848484846,3.936937834083239,8,41,40,4
218,218.0,114,6457.0,39.13333333333333,3.8826619811260006,8,41,40,4
219,219.0,116,6568.0,39.566265060240966,3.9492519299530087,9,41,41,5
220,220.0,117,6681.0,40.24698795180723,3.8816302280414283,8,41,40,5
221,221.0,116,6794.0,41.426829268292686,3.631903941262435,7,41,40,5
222,222.0,116,6906.0,41.85454545454545,3.599101336760331,7,41,40,4
223,223.0,117,7021.0,42.041916167664674,3.6203836004044523,7,41,40,4
224,224.0,119,7139.0,42.49404761904762,3.7107559901527583,8,41,41,5
225,225.0,120,7258.0,42.946745562130175,3.8324137950061528,8,41,41,5
226,226.0,122,7379.0,43.662721893491124,3.8072476626568275,8,41,41,6
227,227.0,123,7501.0,44.12352941176471,3.83345347227604,8,41,41,7
228,228.0,122,7583.0,44.345029239766085,3.9028116943376374,7,41,41,7
229,229.0,122,7671.0,45.12352941176471,3.83236073194465,6,41,41,8
230,230.0,123,7779.0,45.49122807017544,3.918605934734802,7,41,41,7
231,231.0,123,7889.0,45.866279069767444,4.047148453678151,7,41,41,8
232,232.0,122,8006.0,46.27745664739884,4.1242577339279745,6,41,41,7
233,233.0,122,8127.0,46.706896551724135,4.189228711762129,6,41,41,7
234,234.0,124,8250.0,47.41379310344828,4.156236386208319,7,42,42,7
235,235.0,126,8374.0,47.57954545454545,4.159337783858571,7,42,41,7
236,236.0,125,8498.0,48.01129943502825,4.168443323805024,7,42,41,7
237,237.0,124,8607.0,48.353932584269664,4.226902885672626,5,42,41,7
238,238.0,125,8724.0,48.737430167597765,4.314810926230526,5,43,41,7
239,239.0,125,8843.0,49.12777777777778,4.352312437972632,5,43,41,7
240,240.0,126,8967.0,49.5414364640884,4.412460450794052,5,43,41,8
241,241.0,127,9092.0,49.68306010928962,4.397637714154839,5,43,41,8
242,242.0,127,9218.0,50.09782608695652,4.410568309295632,6,43,41,8
243,243.0,128,9345.0,50.78804347826087,4.348414857871814,6,44,41,8
244,244.0,129,9473.0,51.483695652173914,4.2486680819320455,6,44,41,9
245,245.0,130,9603.0,52.19021739130435,4.3153969783096775,6,45,41,10
246,246.0,131,9733.0,52.61081081081081,4.393636549581716,6,45,41,10
247,247.0,132,9864.0,53.03225806451613,4.514065781658168,6,45,42,10
248,248.0,133,9996.0,53.74193548387097,4.53504110568207,6,47,42,10
249,249.0,134,10129.0,54.16577540106952,4.60718841835089,6,46,42,10
250,250.0,137,10264.0,54.3068783068783,4.590362891489145,6,46,42,10
251,251.0,134,10394.0,54.99470899470899,4.58342748264677,6,46,41,10
252,252.0,135,10529.0,55.70899470899471,4.573441726834009,6,46,41,10
253,253.0,138,10665.0,55.83769633507853,4.467749584243425,6,47,41,10
254,254.0,139,10802.0,56.260416666666664,4.36639026728423,6,47,41,10
255,255.0,139,10763.0,55.766839378238345,4.470942040988847,5,48,42,10
256,256.0,139,10829.0,56.10880829015544,4.301108411108851,4,48,42,10
257,257.0,136,10894.0,56.44559585492228,4.329092003476809,3,48,42,10
258,258.0,139,11032.0,57.16062176165803,4.255174366941243,3,49,42,10
259,259.0,144,11173.0,57.297435897435896,4.073654088011138,5,49,42,10
260,260.0,144,11316.0,57.734693877551024,4.0628340093965525,5,49,42,10
261,261.0,143,11432.0,58.03045685279188,4.134593142764789,5,49,42,10
262,262.0,142,11560.0,58.38383838383838,4.17841983223096,5,49,42,10
263,263.0,143,11702.0,58.80402010050251,4.207432159582031,5,49,43,10
264,264.0,142,11838.0,59.19,4.219095126105599,4,49,42,10
265,265.0,143,11980.0,59.9,4.2000414473632715,5,49,42,10
266,266.0,144,12123.0,60.91959798994975,4.0521487672838346,5,49,42,10
267,267.0,145,12267.0,61.64321608040201,3.928625466162198,5,50,43,10
268,268.0,146,12412.0,62.37185929648241,3.837562445270883,6,50,42,10
269,269.0,146,12557.0,62.785,3.855856367585025,5,50,42,10
270,270.0,149,12705.0,63.208955223880594,3.821662429078085,6,50,42,10
271,271.0,150,12853.0,63.62871287128713,3.7451819029408657,8,50,42,10
272,272.0,152,13003.0,63.740196078431374,3.678805434369644,8,50,42,10
273,273.0,150,13138.0,64.08780487804879,3.6836578590995455,7,50,42,10
274,274.0,149,13278.0,64.77073170731707,3.684224308654181,6,50,43,10
275,275.0,154,13427.0,65.49756097560976,3.5961498773848253,7,50,43,10
276,276.0,152,13578.0,66.23414634146341,3.6235561036397073,6,50,43,10
277,277.0,154,13730.0,66.32850241545894,3.5974317525251296,6,50,44,10
278,278.0,154,13879.0,66.72596153846153,3.46096009604937,6,50,43,11
279,279.0,154,14032.0,67.13875598086125,3.4689191080152053,6,50,43,11
280,280.0,156,14187.0,67.55714285714286,3.4970818902183023,6,50,43,11
281,281.0,157,14343.0,67.97630331753554,3.5102800458841776,6,51,43,11
282,282.0,156,14494.0,68.69194312796209,3.3901143762826416,6,52,43,10
283,283.0,158,14650.0,68.77934272300469,3.4213028893490143,6,52,43,10
284,284.0,160,14809.0,69.20093457943925,3.4296426940477085,7,54,43,10
285,285.0,161,14969.0,69.94859813084112,3.263997558442887,8,54,43,10
286,286.0,162,15130.0,70.37209302325581,3.2762469359366233,8,54,43,11
287,287.0,162,15292.0,71.12558139534883,3.2149078849020687,9,54,43,11
288,288.0,163,15455.0,71.88372093023256,3.1897511804370664,10,54,43,11
289,289.0,168,15622.0,73.0,2.9291874296078104,10,55,43,11
290,290.0,168,15790.0,73.78504672897196,2.86795637008541,10,55,43,12
291,291.0,170,15906.0,74.32710280373831,2.737863347066537,10,57,43,12
292,292.0,171,16024.0,74.53023255813953,2.690977073085372,10,56,43,12
293,293.0,173,16145.0,74.74537037037037,2.671826079695938,10,58,43,12
294,294.0,175,16296.0,75.44444444444444,2.6325472281764064,9,59,44,12
295,295.0,176,16449.0,75.10958904109589,2.6078191633035708,8,59,43,13
296,296.0,173,16622.0,75.89954337899543,2.6956157313726647,8,59,43,12
297,297.0,173,16791.0,76.32272727272728,2.791979757369344,8,59,43,12
298,298.0,175,16964.0,76.41441441441441,2.843550652913187,8,60,43,13
299,299.0,174,17138.0,77.1981981981982,2.911011983665867,8,60,43,12
300,300.0,175,17296.0,77.56053811659193,2.9546164419851237,8,60,43,12
301,301.0,177,17455.0,77.92410714285714,2.8612353879364543,7,61,43,12
302,302.0,176,17615.0,78.28888888888889,2.8550880542334953,7,61,43,12
303,303.0,176,17775.0,78.65044247787611,2.8418900391858988,6,61,43,12
304,304.0,179,17940.0,79.38053097345133,2.7728766270670016,5,61,44,13
305,305.0,180,18106.0,79.76211453744493,2.7237730539481704,5,62,44,13
306,306.0,180,18273.0,80.49779735682819,2.8239494808437122,4,62,44,14
307,307.0,180,18445.0,80.89912280701755,2.9165855184548026,3,62,44,14
308,308.0,181,18624.0,80.97391304347826,2.977303516628542,3,62,44,14
309,309.0,181,18804.0,81.75652173913043,3.0126689098755324,3,62,44,15
310,310.0,182,18985.0,82.18614718614718,3.152525017706451,3,62,44,15
311,311.0,185,19168.0,82.62068965517241,3.1853097120813927,3,62,44,15
312,312.0,185,19351.0,82.69658119658119,3.2770472065061407,3,62,44,15
313,313.0,186,19535.0,82.77542372881356,3.302240308131245,3,63,44,15
314,314.0,184,19719.0,83.55508474576271,3.3744822831848373,3,62,44,15
315,315.0,186,19904.0,83.9831223628692,3.4245478941285024,3,62,45,15
316,316.0,187,20089.0,84.05439330543933,3.4508564687912333,3,63,45,15
317,317.0,185,20274.0,85.18487394957984,3.366195522658899,3,62,45,15
318,318.0,186,20460.0,86.32911392405063,3.2717010494965675,3,62,45,15
319,319.0,189,20647.0,86.75210084033614,3.092454369794851,3,62,45,15
320,320.0,191,20837.0,87.18410041841004,3.008547899140547,5,62,45,15
321,321.0,194,21030.0,87.99163179916317,2.899960729092858,6,62,45,15
322,322.0,194,21223.0,88.42916666666666,2.8506152607705433,6,62,45,15
323,323.0,194,21412.0,89.21666666666667,2.7073367096522336,7,63,45,15
324,324.0,193,21605.0,90.02083333333333,2.6993274858014917,7,63,45,15
325,325.0,195,21798.0,90.07438016528926,2.6645370354713322,7,63,45,15
326,326.0,198,21995.0,90.88842975206612,2.5689341227936464,8,64,45,15
327,327.0,200,22193.0,90.95491803278688,2.5638077979374456,9,64,46,15
328,328.0,201,22392.0,91.02439024390245,2.5200453132898035,9,65,46,15
329,329.0,199,22591.0,91.83333333333333,2.5382417718916597,9,65,45,15
330,330.0,198,22769.0,92.93469387755103,2.5199404703784962,7,65,46,15
331,331.0,200,22957.0,92.94331983805668,2.5657970984803784,7,65,47,15
332,332.0,200,23147.0,93.33467741935483,2.586663056213479,7,65,47,16
333,333.0,198,23327.0,93.68273092369478,2.7126966821883194,6,65,45,16
334,334.0,197,23517.0,94.44578313253012,2.87369479362088,5,65,45,16
335,335.0,198,23710.0,94.84,2.9455023729933894,5,65,45,16
336,336.0,197,23899.0,95.21513944223108,2.906952856725018,5,65,45,16
337,337.0,196,24092.0,95.60317460317461,2.8916034017080547,4,65,45,16
338,338.0,195,24285.0,95.98814229249012,2.8776495500003554,3,65,45,16
339,339.0,196,24479.0,96.3740157480315,2.7715438225129447,3,65,45,16
340,340.0,196,24674.0,96.7607843137255,2.8310522361662813,3,65,45,16
341,341.0,195,24867.0,97.13671875,2.804871366669955,3,65,45,16
342,342.0,196,25062.0,97.51750972762646,2.761009375499971,3,66,45,16
343,343.0,200,25261.0,97.9108527131783,2.7149303174724966,4,67,45,16
344,344.0,203,25463.0,98.6937984496124,2.6132173550837137,4,68,45,16
345,345.0,203,25665.0,99.47674418604652,2.5730585725921142,4,68,45,16
346,346.0,203,25865.0,99.86486486486487,2.587474503378169,4,68,45,16
347,347.0,205,26069.0,100.26538461538462,2.6363975413381646,5,68,45,16
348,348.0,207,26274.0,100.2824427480916,2.6808744808102247,6,68,45,16
349,349.0,207,26479.0,100.29924242424242,2.676378902814582,6,68,45,16
350,350.0,206,26685.0,101.07954545454545,2.7098649717816747,7,68,45,16
351,351.0,207,26891.0,101.85984848484848,2.739241187334768,7,68,45,16
352,352.0,211,27100.0,101.8796992481203,2.8180326841391796,8,68,45,16
353,353.0,210,27310.0,102.66917293233082,2.8786820912931943,9,68,45,16
354,354.0,210,27512.0,103.04119850187266,2.927452765939196,8,68,45,16
355,355.0,211,27715.0,103.41417910447761,2.979290525954409,8,68,45,16
356,356.0,211,27919.0,104.17537313432835,2.963259495575569,8,68,46,16
357,357.0,209,28121.0,104.53903345724908,2.9957031255509188,6,68,45,17
358,358.0,210,28325.0,104.9074074074074,3.023188461651825,6,69,45,16
359,359.0,211,28530.0,105.66666666666667,2.895413612365679,5,69,46,16
360,360.0,211,28739.0,106.44074074074074,2.9286477041703427,5,70,45,16
361,361.0,215,28951.0,106.4375,2.986164858252967,5,70,45,17
362,362.0,214,29163.0,107.21691176470588,2.9636171174276815,5,70,45,16
363,363.0,216,29376.0,107.21167883211679,2.958878211091109,5,70,46,16
364,364.0,213,29588.0,108.38095238095238,2.926975276986705,4,70,45,16
365,365.0,214,29801.0,108.76277372262774,2.964864104217663,4,70,45,16
366,366.0,217,30017.0,109.15272727272728,2.9543361529415066,4,71,46,17
367,367.0,215,30228.0,109.92,2.956648154657265,4,70,46,17
368,368.0,217,30435.0,110.27173913043478,2.9897437725243896,4,71,47,17
369,369.0,218,30652.0,110.65703971119133,3.0716156038331635,4,71,48,17
370,370.0,220,30871.0,111.04676258992805,3.1498678890092506,4,71,48,18
371,371.0,221,31090.0,111.03571428571429,3.2028204251699757,4,71,48,18
372,372.0,220,31309.0,111.81785714285714,3.164817908625005,4,71,48,18
373,373.0,221,31528.0,112.19928825622776,3.1160180901654693,4,71,48,18
374,374.0,222,31749.0,112.58510638297872,3.1437613063038556,4,71,49,18
375,375.0,223,31971.0,112.97173144876325,3.1509778354776103,4,72,49,18
376,376.0,223,32193.0,113.3556338028169,3.1862144765404077,4,72,49,18
377,377.0,225,32417.0,114.1443661971831,3.166720215576961,4,72,49,18
378,378.0,226,32641.0,114.9330985915493,3.0515483613503216,4,72,49,18
379,379.0,225,32863.0,115.30877192982456,3.0981374106119843,5,72,49,18
380,380.0,226,33088.0,115.6923076923077,3.1311345478517394,5,72,49,18
381,381.0,227,33314.0,116.48251748251748,3.1110542447022627,5,73,49,19
382,382.0,227,33541.0,117.68771929824561,3.0627199654572848,6,72,49,19
383,383.0,230,33769.0,118.07342657342657,3.077509600901793,6,73,50,19
384,384.0,229,33997.0,118.45644599303135,3.1299091567030284,6,73,49,19
385,385.0,230,34225.0,118.83680555555556,3.1701751023741274,6,74,49,19
386,386.0,229,34453.0,119.62847222222223,3.1313897619056856,6,73,50,19
387,387.0,232,34683.0,120.01038062283737,3.0263008862789995,8,74,49,19
388,388.0,230,34913.0,120.80622837370242,2.9629506402581853,7,74,49,19
389,389.0,231,35143.0,121.18275862068965,2.924038543040632,7,74,49,19
390,390.0,233,35375.0,121.56357388316151,2.885424007624394,8,75,49,19
391,391.0,235,35609.0,121.9486301369863,2.784167972070051,8,76,49,19
392,392.0,238,35844.0,122.33447098976109,2.624633928941905,8,76,49,19
393,393.0,235,35973.0,122.35714285714286,2.5997475090709656,6,76,49,19
394,394.0,236,36117.0,122.43050847457627,2.5825631557361826,6,77,49,19
395,395.0,236,36300.0,122.63513513513513,2.565393801800163,6,77,49,19
396,396.0,236,36521.0,122.96632996632997,2.6149574352441665,5,77,49,19
397,397.0,238,36757.0,122.93311036789298,2.6091275269532943,5,77,49,19
398,398.0,237,36994.0,123.72575250836121,2.6484152135034376,5,77,49,19
399,399.0,238,37232.0,124.52173913043478,2.7021875251649643,6,77,49,19
400,400.0,242,37472.0,124.49169435215947,2.760010761026289,6,77,49,19
401,401.0,244,37713.0,124.05592105263158,2.7482055689386047,6,77,49,21
402,402.0,242,37938.0,124.79605263157895,2.784695952228101,6,77,49,20
403,403.0,243,38171.0,125.15081967213115,2.791864116333559,5,77,49,20
404,404.0,244,38405.0,125.50653594771242,2.747488649279206,5,77,49,20
405,405.0,244,38642.0,125.86970684039088,2.6941156771583046,4,77,50,20
406,406.0,247,38888.0,126.25974025974025,2.6682080430447006,5,77,50,20
407,407.0,249,39136.0,126.6537216828479,2.680942854281317,6,77,50,20
408,408.0,249,39385.0,127.45954692556634,2.7713201957420504,6,77,50,20
409,409.0,252,39634.0,127.03205128205128,2.810747631516841,6,77,50,20
410,410.0,252,39885.0,128.2475884244373,2.6980163806235953,6,77,50,20
411,411.0,251,40136.0,129.05466237942122,2.785397156371838,6,77,50,20
412,412.0,254,40388.0,129.03514376996804,2.845029394500079,6,78,50,20
413,413.0,255,40641.0,129.01904761904763,2.9144586002459096,6,78,50,21
414,414.0,255,40893.0,129.40822784810126,3.014999156284155,7,77,50,21
415,415.0,254,41145.0,129.79495268138803,3.082850612731474,7,77,50,21
416,416.0,254,41398.0,130.59305993690853,3.0594382112931355,7,77,50,21
417,417.0,255,41652.0,131.39432176656152,3.0666120782127906,7,77,50,21
418,418.0,256,41907.0,132.61708860759492,2.959165915351214,7,77,50,21
419,419.0,258,42163.0,133.006309148265,2.842404067890399,7,77,50,21
420,420.0,258,42402.0,133.7602523659306,2.790167387397854,6,78,50,22
421,421.0,258,42642.0,134.94303797468353,2.655236298658317,6,78,50,21
422,422.0,257,42884.0,135.70886075949366,2.597540349504158,5,78,50,21
423,423.0,259,43133.0,136.06624605678235,2.5187112578925794,5,78,50,21
424,424.0,259,43388.0,137.30379746835442,2.3796841093445047,4,79,50,21
425,425.0,259,43646.0,138.55873015873016,2.2776500397632984,4,79,50,21
426,426.0,262,43906.0,138.50473186119874,2.249201973836336,5,80,50,21
427,427.0,263,44168.0,139.33123028391168,2.1640771385982025,5,79,50,21
428,428.0,265,44431.0,139.282131661442,2.1110272206636833,5,79,50,21
429,429.0,265,44692.0,139.6625,2.0852841406307645,5,79,51,21
430,430.0,268,44959.0,140.05919003115264,2.0550763701086887,6,80,50,21
431,431.0,269,45227.0,140.45652173913044,2.0796565430707727,7,80,50,22
432,432.0,273,45498.0,140.42592592592592,2.1571706971929627,8,80,50,21
433,433.0,272,45768.0,140.82461538461538,2.2755664254824266,8,80,50,22
434,434.0,272,46040.0,141.66153846153847,2.351323912358632,9,80,50,22
435,435.0,273,46312.0,142.06134969325154,2.4020809507980343,9,80,50,22
436,436.0,277,46587.0,142.4678899082569,2.3890329614872665,9,80,50,23
437,437.0,277,46862.0,142.8719512195122,2.3668491743736464,9,80,50,23
438,438.0,276,47137.0,144.14984709480123,2.2585712304125174,9,80,50,23
439,439.0,278,47413.0,144.11246200607903,2.2264101958673685,9,80,50,23
440,440.0,276,47688.0,144.9483282674772,2.2449404972829754,9,81,50,23
441,441.0,277,47964.0,145.7872340425532,2.172531041658849,9,81,51,23
442,442.0,279,48241.0,145.74320241691842,2.2602223188530326,9,82,50,23
443,443.0,278,48519.0,147.4741641337386,2.2586326104011825,9,82,51,23
444,444.0,278,48622.0,147.33939393939394,2.3098335068541744,8,82,51,23
445,445.0,280,48845.0,147.1234939759036,2.3533806115056133,7,82,51,24
446,446.0,278,49105.0,147.90662650602408,2.365387031651047,6,82,51,24
447,447.0,279,49383.0,148.74397590361446,2.3327260988391254,7,82,51,24
448,448.0,280,49662.0,149.5843373493976,2.375263610485431,7,82,51,24
449,449.0,280,49941.0,150.42469879518072,2.387146096024681,7,82,51,24
450,450.0,280,50213.0,151.24397590361446,2.3899293575038882,7,82,50,24
451,451.0,283,50494.0,151.63363363363362,2.3745376116802794,8,83,50,24
452,452.0,282,50775.0,152.9367469879518,2.2938631079942695,8,83,50,24
453,453.0,281,51008.0,153.17717717717719,2.2850581698276367,7,83,50,24
454,454.0,283,51258.0,153.0089552238806,2.235636869161012,6,83,50,24
455,455.0,280,51512.0,153.76716417910447,2.300909235128204,5,83,50,24
456,456.0,280,51789.0,154.13392857142858,2.307332564288145,5,84,50,24
457,457.0,279,52068.0,154.96428571428572,2.324735675281278,5,83,50,24
458,458.0,283,52349.0,155.33827893175075,2.270514301543396,5,85,50,24
459,459.0,286,52633.0,155.25958702064898,2.288933370070935,6,84,50,24
460,460.0,288,52920.0,155.64705882352942,2.333048490968124,6,84,51,24
461,461.0,288,53207.0,156.03225806451613,2.3621561744534034,6,84,51,24
462,462.0,289,53495.0,156.41812865497076,2.3913500609750042,6,84,51,24
463,463.0,290,53783.0,156.34593023255815,2.3866082426753334,6,84,51,24
464,464.0,291,54073.0,157.1889534883721,2.3282465575408877,6,84,52,24
465,465.0,291,54362.0,157.57101449275362,2.333588339885451,6,84,53,24
466,466.0,293,54654.0,157.95953757225433,2.327894522050022,7,85,52,24
467,467.0,293,54946.0,158.34582132564842,2.2342060993004558,7,85,52,24
468,468.0,293,55238.0,158.72988505747125,2.1989221002568597,7,85,52,24
469,469.0,295,55533.0,159.57758620689654,2.201278237770113,8,86,52,24
470,470.0,297,55829.0,159.96848137535815,2.212680998695824,8,87,52,24
471,471.0,299,56102.0,159.83475783475782,2.2043595224735224,8,86,53,24
472,472.0,298,56386.0,160.1875,2.202970172274718,8,86,53,24
473,473.0,298,56663.0,160.9744318181818,2.126498930822363,7,86,54,24
474,474.0,297,56944.0,161.31444759206798,2.0660997753971464,6,86,54,24
475,475.0,295,57236.0,162.1416430594901,2.0850009283259334,6,86,54,24
476,476.0,296,57529.0,162.97167138810198,1.928287816213987,6,86,54,24
477,477.0,297,57825.0,163.34745762711864,1.9552847452769158,5,86,54,24
478,478.0,300,58124.0,163.72957746478872,1.978993706604904,5,86,54,24
479,479.0,301,58424.0,164.57464788732395,1.9757927669304878,5,86,54,24
480,480.0,304,58727.0,164.9634831460674,2.038264488525319,5,87,54,24
481,481.0,303,59030.0,165.81460674157304,2.1123633254980883,5,87,54,24
482,482.0,306,59334.0,165.73743016759778,2.1945172348249105,5,87,54,24
483,483.0,306,59638.0,165.6611111111111,2.279364884107711,5,87,54,24
484,484.0,305,59940.0,167.43016759776538,2.22355834327395,5,87,54,24
485,485.0,304,60244.0,168.75070028011206,2.2610425015216777,5,87,54,24
486,486.0,305,60548.0,169.12849162011173,2.3244181259654533,5,87,54,24
487,487.0,307,60854.0,169.9832402234637,2.299401054614171,5,87,54,24
488,488.0,307,61160.0,170.36211699164346,2.3290533265616387,5,87,54,24
489,489.0,308,61467.0,170.74166666666667,2.317584375365118,5,87,54,24
490,490.0,308,61774.0,171.59444444444443,2.2152600683385426,5,87,54,24
491,491.0,311,62083.0,171.97506925207756,2.1445630240431353,6,87,54,24
492,492.0,311,62393.0,172.83379501385042,2.02836839585849,5,87,54,24
493,493.0,311,62703.0,173.21270718232043,2.013503469782765,5,87,54,24
494,494.0,311,63014.0,174.0718232044199,1.9833694427962216,5,87,54,24
495,495.0,313,63326.0,174.45179063360882,1.9870782172907562,5,87,54,24
496,496.0,315,63640.0,174.83516483516485,1.9645281016222584,5,87,55,24
497,497.0,317,63956.0,175.2219178082192,1.9846855143189164,5,88,56,24
498,498.0,317,64272.0,175.60655737704917,1.9868133122948597,5,87,56,24
499,499.0,319,64586.0,175.02981029810297,1.983901367580161,6,87,57,24
500,500.0,316,64900.0,175.40540540540542,1.9741974602270431,5,87,56,24
501,501.0,316,65215.0,175.78167115902966,1.97285518361223,5,87,56,24
502,502.0,318,65531.0,176.63342318059298,1.8838589008328073,5,87,56,24
503,503.0,318,65848.0,177.01075268817203,1.927897433487592,6,87,56,24
504,504.0,321,66168.0,177.3941018766756,1.958616148453236,7,87,56,24
505,505.0,322,66489.0,178.25469168900804,1.9747376191853112,8,87,57,24
506,506.0,323,66811.0,178.63903743315507,2.0133568988353137,8,87,56,24
507,507.0,324,67132.0,179.01866666666666,2.051573165574422,8,87,56,24
508,508.0,323,67453.0,179.87466666666666,2.0162144687675143,7,87,56,24
509,509.0,322,67768.0,180.71466666666666,2.0329457778805216,7,88,56,24
510,510.0,323,68083.0,180.59151193633951,1.9984473356454695,8,88,56,24
511,511.0,323,68399.0,180.47229551451187,1.987430416102424,8,88,57,24
512,512.0,322,68720.0,180.8421052631579,1.9970722326981103,8,88,56,24
513,513.0,323,69042.0,181.21259842519686,2.0037123999244635,8,88,56,24
514,514.0,325,69366.0,181.58638743455498,2.0018479428794214,8,88,56,24
515,515.0,327,69692.0,181.9634464751958,2.003079759171949,8,88,56,24
516,516.0,328,70019.0,182.34114583333334,1.9936023135796976,8,88,56,24
517,517.0,329,70347.0,182.71948051948053,1.983869072218776,8,88,56,24
518,518.0,332,70678.0,183.10362694300517,1.983044328687922,8,89,56,24
519,519.0,335,71011.0,183.0180412371134,1.9432555066107948,8,88,57,24
520,520.0,336,71346.0,183.88144329896906,1.850453934678501,8,88,57,24
521,521.0,337,71683.0,184.75,1.796582528074151,8,88,57,24
522,522.0,341,72022.0,184.67179487179487,1.706007881166514,9,88,57,24
523,523.0,343,72364.0,185.07416879795397,1.6411975773123082,11,88,57,24
524,524.0,345,72708.0,185.9539641943734,1.5042077120920525,11,88,57,24
525,525.0,347,73054.0,186.3622448979592,1.4587958943455694,12,88,57,24
526,526.0,348,73401.0,186.7709923664122,1.4565312258674126,12,89,57,24
527,527.0,350,73737.0,187.1497461928934,1.4839243925537355,12,90,58,24
528,528.0,350,74055.0,187.48101265822785,1.5268905713046828,12,90,58,24
529,529.0,348,74372.0,187.33501259445845,1.5713343606566752,11,90,58,24
530,530.0,344,74688.0,188.13098236775818,1.5800068271341658,11,90,58,24
531,531.0,342,75009.0,188.46482412060303,1.6425623032757763,9,90,59,24
532,532.0,342,75340.0,188.82205513784461,1.719782867999329,9,90,58,24
533,533.0,342,75675.0,189.1875,1.7614414318816656,9,90,58,24
534,534.0,345,76019.0,189.57356608478804,1.79639331024804,10,90,58,24
535,535.0,344,76363.0,190.43142144638404,1.7968298807156526,10,90,58,24
536,536.0,347,76709.0,190.818407960199,1.8077323488663102,10,90,58,24
537,537.0,349,77056.0,191.2059553349876,1.754495599639799,10,90,58,24
538,538.0,350,77405.0,191.59653465346534,1.8026527147347318,11,90,58,24
539,539.0,352,77756.0,192.46534653465346,1.8245524068806203,12,90,58,24
540,540.0,355,78109.0,192.38669950738915,1.8376143906218543,12,90,58,25
541,541.0,354,78462.0,192.78132678132678,1.8085322716786918,12,90,58,24
542,542.0,356,78817.0,193.17892156862746,1.7647673382416476,13,90,58,24
543,543.0,359,79174.0,193.10731707317072,1.7045660336382094,13,90,58,24
544,544.0,358,79531.0,193.9780487804878,1.6657198125778112,13,90,58,24
545,545.0,359,79889.0,194.3771289537713,1.6642048441255017,13,90,58,24
546,546.0,360,80242.0,195.2360097323601,1.6507683710835401,14,90,58,24
547,547.0,360,80599.0,195.62864077669903,1.7051206979035594,14,90,58,24
548,548.0,361,80958.0,196.02421307506054,1.7685029510327486,15,90,58,24
549,549.0,361,81307.0,196.39371980676327,1.8117322986421924,14,90,58,24
550,550.0,360,81656.0,197.71428571428572,1.8316144715058258,13,90,58,24
551,551.0,362,82008.0,198.56658595641647,1.7959104844558411,13,90,58,25
552,552.0,362,82362.0,198.46265060240964,1.8146562271148068,11,90,59,25
553,553.0,360,82716.0,199.79710144927537,1.7791970168114426,10,90,58,25
554,554.0,360,83075.0,200.18072289156626,1.796625524405533,10,90,58,26
555,555.0,362,83436.0,200.56730769230768,1.8449854793253324,10,90,58,26
556,556.0,364,83798.0,200.95443645083932,1.8752395301477487,10,90,58,25
557,557.0,363,84160.0,201.3397129186603,1.9110558610700974,10,90,58,25
558,558.0,362,84522.0,202.20574162679426,1.9971302840902851,10,90,58,25
559,559.0,364,84885.0,202.58949880668257,2.071101300735065,10,91,58,25
560,560.0,364,85248.0,203.45584725536992,2.0866608915749563,10,92,58,25
561,561.0,364,85611.0,203.8357142857143,2.1168823613048637,10,91,58,25
562,562.0,367,85975.0,203.25059101654847,2.1074255539922517,10,91,58,25
563,563.0,366,86341.0,204.1158392434988,2.097515417922255,12,91,58,25
564,564.0,366,86707.0,206.4452380952381,1.9253264428840355,12,91,58,25
565,565.0,369,87074.0,206.33649289099526,1.8876095107301267,13,92,58,25
566,566.0,372,87445.0,206.72576832151302,1.8692220395098695,13,92,59,26
567,567.0,373,87816.0,207.11320754716982,1.8443563212382317,14,92,58,27
568,568.0,374,88189.0,207.5035294117647,1.8386142172873896,14,92,58,27
569,569.0,374,88562.0,207.89201877934272,1.8146771377614404,14,92,58,27
570,570.0,375,88936.0,208.28103044496487,1.8250712626543413,14,93,58,27
571,571.0,375,89310.0,209.1569086651054,1.7694781561408863,14,93,59,27
572,572.0,376,89685.0,209.54439252336448,1.7691449986157064,14,93,58,27
573,573.0,379,90062.0,209.44651162790697,1.7777904087994982,14,94,58,27
574,574.0,379,90440.0,209.83758700696055,1.760749847207485,14,93,58,27
575,575.0,379,90816.0,210.22222222222223,1.7380798560020247,14,93,58,27
576,576.0,378,91183.0,211.07175925925927,1.7248622132047249,13,93,58,27
577,577.0,379,91551.0,211.92361111111111,1.6707002280522258,12,93,59,27
578,578.0,380,91930.0,212.80092592592592,1.5938000994666226,12,93,59,27
579,579.0,382,92311.0,213.68287037037038,1.5528924767468273,13,93,60,27
580,580.0,384,92693.0,213.57834101382488,1.5570874374832528,13,93,59,27
581,581.0,383,93076.0,214.46082949308754,1.5608996138757234,13,93,59,27
582,582.0,386,93460.0,214.8505747126437,1.532502666408729,13,94,60,27
583,583.0,387,93845.0,214.7482837528604,1.5491854921902735,13,94,59,27
584,584.0,387,94231.0,215.13926940639269,1.5903253796187278,13,94,59,27
585,585.0,388,94618.0,216.02283105022832,1.6112829475619876,13,94,59,27
586,586.0,389,95006.0,216.90867579908675,1.6322832522579225,13,95,59,27
587,587.0,391,95396.0,217.30296127562642,1.6315121188694703,13,95,60,27
588,588.0,390,95786.0,218.19134396355352,1.6419506105275221,13,95,60,27
589,589.0,393,96178.0,218.58636363636364,1.6565793843870118,14,95,61,27
590,590.0,395,96571.0,218.48642533936652,1.6217817710799507,14,95,62,27
591,591.0,395,96965.0,219.37782805429865,1.5451562493668975,14,95,61,27
592,592.0,395,97359.0,219.77200902934538,1.5119659043329878,14,95,61,27
593,593.0,396,97754.0,220.16666666666666,1.4817484722089052,14,95,61,27
594,594.0,398,98151.0,220.56404494382022,1.471714712035364,14,95,61,27
595,595.0,400,98551.0,221.4629213483146,1.4685286717117951,15,95,61,27
596,596.0,401,98950.0,221.8609865470852,1.4983085902806976,15,95,61,27
597,597.0,402,99341.0,221.24944320712694,1.5127935414238514,14,95,62,27
598,598.0,401,99738.0,222.1336302895323,1.5111011339894687,14,95,61,27
599,599.0,399,100136.0,223.02004454342983,1.5387488571728116,13,95,61,27
600,600.0,401,100536.0,223.41333333333333,1.5381780622573897,14,95,61,27
601,601.0,402,100938.0,224.80623608017817,1.5335105485815883,14,95,62,27
602,602.0,406,101342.0,224.70509977827052,1.5734255129817314,14,95,62,27
603,603.0,407,101748.0,225.10619469026548,1.5954624986352837,14,95,62,27
604,604.0,407,102155.0,227.01111111111112,1.5087653674697938,14,95,62,27
605,605.0,408,102562.0,227.41019955654102,1.4834660240232043,14,95,62,27
606,606.0,410,102970.0,227.30684326710818,1.474098937380462,14,95,63,27
607,607.0,411,103380.0,227.7092511013216,1.4833661418290378,14,95,62,27
608,608.0,411,103790.0,228.1098901098901,1.4813729215237068,14,95,62,27
609,609.0,412,104200.0,228.00875273522976,1.4921710437092852,14,95,62,27
610,610.0,411,104611.0,228.90809628008753,1.4902392015046682,14,95,62,27
611,611.0,411,105022.0,229.8074398249453,1.4834177254580887,14,95,62,27
612,612.0,412,105434.0,230.7089715536105,1.495806334712643,14,95,62,27
613,613.0,416,105849.0,231.61706783369803,1.4453449360902206,14,95,62,27
614,614.0,416,106265.0,232.52735229759298,1.4614480958854987,15,95,62,27
615,615.0,417,106682.0,233.4398249452954,1.4639079769965455,15,95,62,27
616,616.0,419,107099.0,233.33115468409585,1.4262988703661337,15,95,62,27
617,617.0,418,107516.0,233.73043478260868,1.3694150638681781,15,95,62,27
618,618.0,420,107934.0,233.62337662337663,1.3279093257430787,15,95,64,27
619,619.0,419,108352.0,234.52813852813853,1.2295346282267505,15,95,63,27
620,620.0,421,108772.0,234.92872570194385,1.203716767042262,15,95,63,27
621,621.0,422,109193.0,235.32974137931035,1.1812803168411772,16,95,63,27
622,622.0,424,109616.0,235.73333333333332,1.1550375605801353,17,95,63,27
623,623.0,426,110040.0,235.63169164882228,1.1477154196680022,17,95,63,27
624,624.0,425,110465.0,236.54175588865095,1.1431602675377777,17,95,63,27
625,625.0,427,110891.0,236.9465811965812,1.1268509269860243,17,95,63,28
626,626.0,427,111318.0,238.36830835117772,1.1089202151238557,17,95,63,27
627,627.0,430,111747.0,238.77564102564102,1.0934221944803038,17,95,63,27
628,628.0,434,112180.0,239.1897654584222,1.0878153960434427,17,95,63,27
629,629.0,434,112614.0,240.11513859275053,1.092012515448317,17,95,63,27
630,630.0,435,113039.0,241.02132196162046,1.024209749193261,17,95,63,27
631,631.0,434,113446.0,241.88912579957355,0.9624284436946154,17,95,63,27
632,632.0,434,113879.0,242.29574468085107,0.9448570736725981,17,95,63,27
633,633.0,436,114313.0,242.1885593220339,0.9533258014957107,18,95,63,27
634,634.0,435,114747.0,242.5940803382664,0.9713521884220497,17,95,63,27
635,635.0,436,115183.0,243.51585623678648,0.9836303246340035,17,95,63,27
636,636.0,437,115619.0,244.43763213530656,0.9936278858953556,17,95,63,27
637,637.0,438,116056.0,244.8438818565401,1.0339690981764142,17,95,63,27
638,638.0,439,116494.0,245.25052631578947,1.0665109894061515,17,95,63,27
639,639.0,440,116933.0,245.6575630252101,1.0834147684778892,17,95,63,27
640,640.0,442,117373.0,245.55020920502093,1.089638658291872,18,95,63,27
641,641.0,442,117814.0,246.47280334728035,1.058417404389326,18,95,63,27
642,642.0,443,118256.0,246.88100208768267,1.0506187968319354,19,95,63,27
643,643.0,445,118698.0,246.26141078838174,1.0038324904553853,19,95,63,27
644,644.0,446,119143.0,246.6728778467909,0.9608097195596021,20,96,63,27
645,645.0,447,119589.0,247.08471074380165,0.9460264356838743,20,96,63,27
646,646.0,450,120038.0,247.50103092783505,0.9416734809653337,21,96,64,27
647,647.0,449,120485.0,247.91152263374485,0.9455389481121386,21,96,63,27
648,648.0,450,120934.0,248.32443531827516,0.9455821867235976,21,96,63,27
649,649.0,452,121386.0,249.25256673511294,0.9608210991414043,22,96,63,27
650,650.0,454,121835.0,248.64285714285714,0.9827220285521994,22,96,63,27
651,651.0,454,122288.0,249.05906313645622,0.9929103922226376,22,96,64,27
652,652.0,454,122741.0,249.47357723577235,1.0067014406529453,22,96,63,27
653,653.0,455,123195.0,249.88843813387425,0.9985853159177969,22,96,63,27
654,654.0,455,123649.0,250.30161943319837,0.96261479046538,22,96,63,27
655,655.0,456,124104.0,251.73225152129817,0.826585059265201,22,96,63,27
656,656.0,460,124563.0,252.15182186234819,0.7904890006878471,23,96,64,27
657,657.0,461,125015.0,252.55555555555554,0.745811445847556,23,96,64,27
658,658.0,462,125476.0,252.9758064516129,0.7412724526470861,23,96,64,27
659,659.0,464,125939.0,253.39839034205232,0.755765822940353,24,96,65,27
660,660.0,465,126383.0,253.78112449799198,0.7836115007243865,23,96,64,27
661,661.0,466,126843.0,254.1943887775551,0.8217751176765342,22,96,64,27
662,662.0,466,127308.0,254.616,0.8529238563075944,22,96,64,27
663,663.0,466,127773.0,255.03592814371257,0.8982003563627667,22,96,64,27
664,664.0,465,128238.0,255.96407185628743,0.9673672108651498,22,96,64,27
665,665.0,466,128703.0,256.8922155688623,0.9760847849481632,22,96,64,27
666,666.0,465,129168.0,257.8203592814371,0.998088013949009,22,96,64,27
667,667.0,466,129633.0,258.23306772908364,1.0226596962086973,22,96,65,27
668,668.0,468,130099.0,258.1329365079365,1.0257822865118538,23,96,64,27
669,669.0,467,130566.0,259.0595238095238,1.0658446457102089,23,96,64,27
670,670.0,468,131033.0,259.9861111111111,1.1005678209085306,24,96,64,27
671,671.0,472,131503.0,259.8873517786561,1.0967251992490548,25,96,64,27
672,672.0,470,131973.0,260.8162055335968,1.091793818582397,25,96,64,27
673,673.0,471,132444.0,261.7470355731225,1.0670226361120732,25,96,64,27
674,674.0,473,132916.0,262.16173570019726,1.0587952414124535,25,96,64,27
675,675.0,472,133388.0,263.0927021696252,1.0270436043617843,25,96,64,27
676,676.0,474,133860.0,262.98624754420433,1.012889265563168,25,96,65,27
677,677.0,475,134333.0,262.8825831702544,1.010636061137847,26,96,64,27
678,678.0,474,134807.0,263.8101761252446,1.0156564080224277,26,96,64,27
679,679.0,478,135283.0,264.224609375,0.9978332978361395,27,96,64,27
680,680.0,477,135759.0,264.6374269005848,1.0129723029484505,27,96,64,27
681,681.0,478,136236.0,265.05058365758754,1.0044835902869613,27,96,66,27
682,682.0,477,136713.0,265.97859922178986,0.9879246277704191,27,96,65,27
683,683.0,479,137191.0,266.3902912621359,1.0044618933261822,28,96,65,27
684,684.0,481,137671.0,266.80426356589146,0.9883646828925595,28,96,65,27
685,685.0,482,138151.0,266.7007722007722,0.9903871292334657,28,96,65,27
686,686.0,484,138634.0,267.1175337186898,0.9967222587281513,28,96,65,27
687,687.0,483,139115.0,268.04431599229287,0.9753839261069828,28,96,66,27
688,688.0,483,139598.0,268.97495183044316,0.9865730015434225,29,96,65,27
689,689.0,484,140081.0,269.38653846153846,0.9771075505797012,29,96,66,27
690,690.0,484,140564.0,269.7965451055662,0.9637769775078147,29,96,65,27
691,691.0,484,141048.0,270.72552783109404,0.9282797810851068,29,96,65,27
692,692.0,488,141534.0,270.6195028680688,0.8981920647538428,29,96,65,27
693,693.0,488,142021.0,271.0324427480916,0.8739053686247414,30,96,65,28
694,694.0,491,142511.0,271.4495238095238,0.8166381272411695,30,96,67,27
695,695.0,491,143001.0,271.86501901140684,0.7825398863407136,30,96,66,27
696,696.0,492,143493.0,272.8003802281369,0.7605182337372753,31,96,66,27
697,697.0,494,143985.0,272.6988636363636,0.775188344875742,31,96,66,27
698,698.0,494,144477.0,272.59811320754716,0.7956049474138677,31,96,66,27
699,699.0,493,144937.0,273.46603773584906,0.804817548691873,30,96,65,27
700,700.0,495,145408.0,273.8380414312618,0.8052220879716407,29,96,65,27
701,701.0,496,145881.0,274.2124060150376,0.8251166680529054,29,96,65,27
702,702.0,496,146367.0,274.609756097561,0.8441535042973376,28,96,66,27
703,703.0,496,146855.0,275.5253283302064,0.8187835628419374,28,96,65,27
704,704.0,497,147348.0,275.9325842696629,0.8364216113296331,27,96,65,27
705,705.0,498,147843.0,276.34205607476633,0.836997100549829,27,96,65,27
706,706.0,497,148338.0,277.26728971962615,0.8168515373305332,26,96,65,27
707,707.0,498,148835.0,277.67723880597015,0.8124039006501008,26,96,66,27
708,708.0,500,149334.0,278.0893854748603,0.813238894486973,26,96,65,27
709,709.0,501,149835.0,279.0223463687151,0.8108779640073787,26,96,65,27
710,710.0,503,150337.0,279.4368029739777,0.7998972330403366,27,96,65,27
711,711.0,503,150839.0,279.84972170686456,0.8116615589743331,27,96,65,27
712,712.0,505,151343.0,280.7847866419295,0.7731680146885745,28,96,65,27
713,713.0,506,151848.0,281.2,0.7644994309655782,29,96,65,27
714,714.0,505,152341.0,282.11296296296297,0.7574350031053775,30,96,65,27
715,715.0,507,152836.0,282.5064695009242,0.7433672754567836,31,96,65,27
716,716.0,507,153335.0,282.9059040590406,0.7395594665510832,31,96,65,27
717,717.0,507,153841.0,283.316758747698,0.7252267578517967,31,96,65,27
718,718.0,511,154351.0,284.255985267035,0.7042456834930112,33,96,65,27
719,719.0,511,154861.0,284.6709558823529,0.7362103245585555,33,96,65,27
720,720.0,513,155373.0,285.08807339449544,0.7866184414131518,34,96,65,27
721,721.0,511,155883.0,286.02385321100917,0.8120404332187635,34,96,65,27
722,722.0,511,156394.0,286.96146788990825,0.8110953516073123,34,96,65,27
723,723.0,511,156905.0,287.89908256880733,0.8046248157555269,34,96,65,27
724,724.0,514,157419.0,288.8422018348624,0.7912103500479928,34,96,65,27
725,725.0,515,157933.0,289.25457875457874,0.7765569704390388,34,96,65,27
726,726.0,516,158448.0,290.7302752293578,0.6807573210103717,35,96,65,27
727,727.0,515,158963.0,291.6752293577982,0.6512516027820962,35,96,65,27
728,728.0,521,159483.0,292.0934065934066,0.6117961538509462,36,96,65,27
729,729.0,524,160006.0,292.5155393053017,0.5725913821249062,37,97,65,27
730,730.0,526,160531.0,292.93978102189783,0.552416331193789,37,97,66,27
731,731.0,527,161057.0,293.36429872495444,0.5570483418652531,37,97,65,27
732,732.0,528,161583.0,293.2540834845735,0.5637439013177701,37,97,65,27
733,733.0,529,162111.0,293.67934782608694,0.5798140123640981,38,97,66,27
734,734.0,530,162640.0,294.1048824593128,0.5884131879257783,38,97,65,28
735,735.0,532,163170.0,294.0,0.5928212790016925,39,97,66,27
736,736.0,531,163700.0,294.42446043165467,0.6151323281173126,39,97,65,27
737,737.0,530,164230.0,295.3776978417266,0.636820824657693,39,97,65,27
738,738.0,531,164760.0,295.7989228007181,0.6566099920323653,39,97,66,27
739,739.0,532,165291.0,296.2204301075269,0.6605995668092698,39,98,66,27
740,740.0,533,165823.0,296.6422182468694,0.6487853724407207,40,97,66,27
741,741.0,533,166355.0,297.0625,0.6656191937426402,40,97,66,27
742,742.0,534,166888.0,297.4830659536542,0.6707037055004812,40,97,66,27
743,743.0,533,167421.0,298.4331550802139,0.6906117600957133,40,97,66,27
744,744.0,533,167954.0,299.3832442067736,0.6980172999693942,40,97,66,27
745,745.0,536,168489.0,299.80249110320284,0.7000078115468028,40,97,66,28
746,746.0,537,169025.0,300.2220248667851,0.6896744126209539,41,97,66,28
747,747.0,535,169509.0,301.0817051509769,0.6857976890639752,39,97,66,28
748,748.0,537,170008.0,300.89911504424776,0.6836444749060081,38,97,66,28
749,749.0,537,170508.0,301.25088339222617,0.6946138213538746,37,98,66,28
750,750.0,535,171004.0,301.59435626102294,0.7169333053408852,36,98,67,28
751,751.0,534,171501.0,301.9383802816901,0.746646853286865,35,98,66,28
752,752.0,532,171999.0,302.8151408450704,0.7610104158113399,34,98,66,28
753,753.0,532,172496.0,303.6901408450704,0.7733939430752825,33,98,66,29
754,754.0,535,173029.0,303.559649122807,0.7941511794071435,33,98,66,29
755,755.0,534,173528.0,304.4350877192982,0.8027492560497261,32,98,66,29
756,756.0,534,174031.0,304.7828371278459,0.8082042592518961,31,98,66,29
757,757.0,534,174535.0,305.1311188811189,0.7905452462372848,31,98,66,29
758,758.0,534,175039.0,305.478184991274,0.7991306689670318,30,98,67,29
759,759.0,535,175549.0,305.83449477351917,0.7873045479851468,30,98,66,29
760,760.0,535,176063.0,306.19652173913045,0.7733718439842135,29,98,66,29
761,761.0,537,176600.0,307.1304347826087,0.759968922338983,30,98,66,29
762,762.0,539,177122.0,307.50347222222223,0.7579159617797772,30,98,66,29
763,763.0,540,177644.0,307.34256055363323,0.7606171260755236,30,98,66,29
764,764.0,540,178173.0,307.7253886010363,0.7643643915445963,31,98,66,29
765,765.0,541,178705.0,307.5817555938038,0.7743584363633897,32,98,66,29
766,766.0,542,179240.0,307.97250859106526,0.7819928935300804,33,98,66,30
767,767.0,542,179776.0,308.3636363636364,0.7765506860325473,33,98,67,30
768,768.0,543,180317.0,308.23418803418804,0.7621636141476126,33,98,67,30
769,769.0,543,180859.0,308.6331058020478,0.7534258878179861,34,98,67,30
770,770.0,545,181403.0,309.03407155025553,0.7513647986263409,35,98,67,30
771,771.0,546,181949.0,309.9642248722317,0.758245656808224,36,98,67,30
772,772.0,546,182495.0,310.89437819420783,0.7529751492792894,36,98,67,30
773,773.0,550,183043.0,310.7691001697793,0.7566121061131948,37,98,67,30
774,774.0,550,183591.0,310.6446700507614,0.7683565597778071,37,98,67,30
775,775.0,552,184142.0,311.57698815566835,0.7498525627259888,38,98,67,30
776,776.0,554,184695.0,311.9847972972973,0.7860252918981748,39,98,68,30
777,777.0,552,185227.0,312.88344594594594,0.8088709253669594,38,98,67,30
778,778.0,553,185760.0,313.2546374367622,0.7903428463853488,38,98,67,30
779,779.0,554,186295.0,313.62794612794613,0.7910703153238376,37,98,68,30
780,780.0,554,186831.0,314.530303030303,0.8036239679445429,36,98,67,30
781,781.0,555,187368.0,314.90420168067226,0.7984007944402232,35,98,67,30
782,782.0,556,187888.0,315.7781512605042,0.7856574929296184,34,98,67,30
783,783.0,556,188425.0,315.61976549413737,0.7896398132378546,33,98,67,30
784,784.0,554,188964.0,316.52261306532665,0.8147628462086041,32,98,67,30
785,785.0,553,189502.0,317.42378559463987,0.8355321534931747,31,98,67,30
786,786.0,555,190041.0,317.7943143812709,0.8398189473679063,31,98,67,30
787,787.0,555,190582.0,319.2328308207705,0.8105365670895611,30,98,67,30
788,788.0,556,191124.0,320.14070351758795,0.7702292100897006,30,98,68,30
789,789.0,560,191682.0,320.00333889816363,0.7301174394056368,30,98,67,30
790,790.0,557,192225.0,320.90984974958263,0.7078811866981111,29,98,67,30
791,791.0,559,192771.0,321.8213689482471,0.6862515432161618,29,98,67,30
792,792.0,562,193319.0,322.7362270450751,0.6280325066646217,30,98,67,30
793,793.0,562,193867.0,323.1116666666667,0.6203991404073671,31,98,67,30
794,794.0,563,194430.0,324.05,0.5927894847782784,32,98,67,30
795,795.0,566,194981.0,324.4276206322795,0.5274729326068875,32,98,67,30
796,796.0,566,195534.0,324.80730897009965,0.521581388299384,33,98,67,30
797,797.0,567,196090.0,325.7308970099668,0.5043088875262234,33,99,68,30
798,798.0,568,196644.0,325.56953642384104,0.5042018497506853,34,99,69,30
799,799.0,570,197204.0,326.49668874172187,0.5209388519362124,36,99,68,30
800,800.0,570,197765.0,327.4254966887417,0.5446454062593702,37,99,68,30
801,801.0,572,198326.0,327.2706270627063,0.5516467884655268,37,99,69,30
802,802.0,571,198888.0,327.65733113673804,0.5696374129104456,38,99,69,30
803,803.0,572,199451.0,328.0444078947368,0.5724515196478438,39,99,69,30
804,804.0,573,200014.0,327.89180327868854,0.5863527969811535,40,99,70,30
805,805.0,572,200571.0,328.26677577741407,0.6039662527431001,41,99,68,30
806,806.0,571,201137.0,329.19312602291325,0.6052335531340984,41,99,67,30
807,807.0,572,201685.0,329.55065359477123,0.5693907896433731,41,99,67,30
808,808.0,571,202236.0,330.9918166939444,0.5611028335076815,41,99,67,30
809,809.0,570,202788.0,331.89525368248775,0.5574570770494007,40,99,67,30
810,810.0,569,200950.0,327.81402936378464,0.5773490343153259,39,95,67,30
811,811.0,564,200154.0,326.51549755301795,0.6208743071557359,38,92,68,30
812,812.0,561,199697.0,325.7699836867863,0.6583385489207294,37,89,68,30
813,813.0,563,199323.0,324.10243902439026,0.6896091683488673,36,87,70,30
814,814.0,558,199248.0,323.98048780487807,0.7359856167091822,35,85,69,30
815,815.0,557,199203.0,323.90731707317076,0.7754758025824098,34,83,69,30
816,816.0,559,199272.0,322.4466019417476,0.8006459212019419,33,82,70,30
817,817.0,557,199356.0,322.58252427184465,0.8085818529668494,34,81,69,30
818,818.0,560,199902.0,323.4660194174757,0.8324537598332051,34,81,69,30
819,819.0,561,199987.0,323.08077544426493,0.836879454698739,33,81,69,30
820,820.0,563,200157.0,322.31400966183577,0.8550284137756935,33,81,69,30
821,821.0,561,200342.0,322.61191626409015,0.8779655852611703,32,81,69,30
822,822.0,566,200552.0,321.91332263242373,0.8716050534773152,33,82,71,30
823,823.0,564,200808.0,322.3242375601926,0.8612813487890644,34,82,70,30
824,824.0,564,201107.0,323.8438003220612,0.7842454430297453,34,81,70,30
825,825.0,565,201423.0,323.83118971061094,0.7793483730754582,34,82,69,30
826,826.0,567,201785.0,323.892455858748,0.7754175239203154,35,83,69,30
827,827.0,565,202161.0,324.4959871589085,0.7633444824969505,35,83,69,30
828,828.0,568,202570.0,324.112,0.7889468647727459,36,84,69,30
829,829.0,567,203019.0,324.3115015974441,0.8016187972765774,37,84,69,30
830,830.0,567,203573.0,325.1964856230032,0.788697094606238,37,85,70,30
831,831.0,569,204128.0,325.04458598726114,0.8074139377274636,38,85,69,30
832,832.0,569,204686.0,325.4149443561208,0.800124431023844,39,86,69,30
833,833.0,570,205248.0,326.828025477707,0.7798648014479335,40,87,69,30
834,834.0,574,205821.0,328.2631578947368,0.7595439226818265,41,87,69,30
835,835.0,574,206384.0,329.16108452950556,0.7549656851539082,41,88,69,30
836,836.0,577,206959.0,329.55254777070064,0.7233433755734288,41,88,70,30
837,837.0,577,207515.0,329.91255961844195,0.7102333692300382,42,89,69,30
838,838.0,581,208095.0,330.83465818759936,0.6712327362890301,43,90,69,30
839,839.0,580,208665.0,331.7408585055644,0.6293540297845952,43,91,69,30
840,840.0,583,209248.0,332.66772655007946,0.6062415504867502,43,92,70,30
841,841.0,587,209824.0,333.05396825396826,0.5855855635711382,43,92,70,30
842,842.0,588,210402.0,333.9714285714286,0.5793818363266318,43,92,70,30
843,843.0,589,210978.0,334.3549920760697,0.5875760326981837,43,92,69,30
844,844.0,591,211559.0,334.74525316455697,0.5757308104121526,43,92,69,30
845,845.0,592,212150.0,335.1500789889416,0.5583555535732387,43,92,69,30
846,846.0,592,212702.0,335.4921135646688,0.5345456366567058,42,92,69,30
847,847.0,593,213255.0,335.3066037735849,0.524302978474104,41,92,70,30
848,848.0,591,213809.0,335.6499215070644,0.5267879464773213,40,92,70,31
849,849.0,594,214368.0,336.0,0.5532832694073401,39,92,72,30
850,850.0,594,214928.0,336.3505477308294,0.5884930470005769,38,92,72,30
851,851.0,593,215491.0,337.2316118935837,0.6151816415319785,37,92,72,30
852,852.0,588,211939.0,331.67292644757435,0.6540303063174495,36,92,66,30
853,853.0,581,208722.0,326.128125,0.7081351917226556,35,92,61,30
854,854.0,577,206373.0,321.9547581903276,0.7397948211674031,34,92,57,30
855,855.0,574,204148.0,317.98753894080994,0.7984033737279876,34,92,53,30
856,856.0,571,202044.0,314.2208398133748,0.868331655468299,34,92,49,30
857,857.0,568,199451.0,309.70652173913044,0.9346146331846554,34,92,44,30
858,858.0,564,197115.0,305.6046511627907,1.0136449031976233,33,92,40,31
859,859.0,561,195495.0,302.6238390092879,1.059297601006521,32,92,36,31
860,860.0,558,194006.0,299.854714064915,1.0929241285348994,32,92,33,32
861,861.0,556,192951.0,298.6857585139319,1.0170817476683052,33,92,30,31
862,862.0,556,192006.0,296.76352395672336,0.9911209989450117,33,92,28,31
863,863.0,558,190528.0,294.0246913580247,0.960670646556527,34,92,27,31
864,864.0,556,189133.0,291.42218798151004,0.9122812297141305,35,92,24,31
865,865.0,558,188465.0,289.94615384615383,0.8915969682776279,35,92,24,32
866,866.0,561,187232.0,288.04923076923075,0.861632210318673,36,92,24,32
867,867.0,565,186093.0,285.4187116564417,0.8281701951088818,37,92,27,32
868,868.0,566,185253.0,284.5668202764977,0.7784346760192926,37,92,32,32
869,869.0,573,184170.0,282.46932515337426,0.7655832719351116,37,92,37,33
870,870.0,575,184017.0,281.80245022970905,0.7521029522071617,38,92,40,33
871,871.0,580,183236.0,280.177370030581,0.7323084743751633,39,93,43,33
872,872.0,580,182460.0,278.5648854961832,0.7209053095744314,39,92,46,33
873,873.0,582,182351.0,277.9740853658537,0.7299108035193312,40,92,48,33
874,874.0,584,182217.0,276.9255319148936,0.7452810259289459,41,92,50,34
875,875.0,587,181453.0,275.7644376899696,0.7364449465810553,42,92,54,33
876,876.0,587,180702.0,274.6231003039514,0.7422518150000721,42,92,55,33
877,877.0,588,179925.0,273.0273141122914,0.7457427873986013,43,92,57,33
878,878.0,592,179842.0,272.0756429652042,0.7227622014153893,43,92,58,33
879,879.0,593,179781.0,271.9833585476551,0.7121304727313976,43,92,60,33
880,880.0,595,179066.0,270.0844645550528,0.6833888441888218,43,92,60,33
881,881.0,594,178362.0,268.61746987951807,0.6664810800300595,43,92,62,33
882,882.0,594,177667.0,267.5707831325301,0.6740648481737006,43,93,63,34
883,883.0,599,177631.0,266.71321321321324,0.6550270417823043,43,93,63,34
884,884.0,597,176963.0,265.31184407796104,0.6718631600730917,43,93,63,34
885,885.0,600,176309.0,263.93562874251495,0.6828407180580791,43,93,63,34
886,886.0,603,175668.0,262.1910447761194,0.6918857346542688,43,93,63,34
887,887.0,601,175655.0,262.17164179104475,0.6988056212418905,43,93,63,34
888,888.0,603,175628.0,262.5231689088191,0.6842162075436647,43,93,63,34
889,889.0,603,175626.0,262.1283582089552,0.6914901171501899,43,93,63,34
890,890.0,604,175032.0,261.2417910447761,0.6670548715685629,43,93,63,34
891,891.0,600,174318.0,259.78837555886736,0.676674912898711,43,93,59,34
892,892.0,597,174198.0,259.2232142857143,0.6981361418646542,43,93,55,34
893,893.0,592,173532.0,258.23214285714283,0.7012073560221771,43,93,53,34
894,894.0,590,172834.0,257.1934523809524,0.7441896575335016,43,93,47,34
895,895.0,588,172743.0,256.2952522255193,0.8021747242300811,43,93,43,34
896,896.0,583,172057.0,255.2774480712166,0.8416543884396228,43,93,39,34
897,897.0,584,171965.0,254.76296296296297,0.8528884506980229,43,93,38,34
898,898.0,580,171340.0,253.46153846153845,0.8572485812974611,43,93,36,34
899,899.0,581,170779.0,252.63165680473372,0.8684007275375283,43,93,35,34
900,900.0,580,170768.0,252.98962962962963,0.8466211082699074,43,93,32,34
901,901.0,582,170769.0,252.2437223042836,0.8272148830823794,43,93,29,34
902,902.0,584,170309.0,251.19321533923303,0.8074455776004673,43,93,33,34
903,903.0,586,169877.0,250.5560471976401,0.7588500035309163,43,93,35,34
904,904.0,590,169433.0,249.53313696612665,0.7099039071763088,44,93,37,34
905,905.0,593,169042.0,248.59117647058824,0.6705398191819931,44,93,39,35
906,906.0,597,169148.0,248.74705882352941,0.6384210962572949,44,93,42,36
907,907.0,603,169236.0,248.51101321585904,0.6371297849699631,44,93,45,36
908,908.0,603,168859.0,247.23133235724742,0.624417308486864,44,93,45,37
909,909.0,605,168506.0,246.71449487554904,0.6341128388368913,44,93,48,36
910,910.0,608,168170.0,245.86257309941521,0.6217567384492758,44,93,50,36
911,911.0,613,168780.0,246.3941605839416,0.6328032317845176,44,93,52,37
912,912.0,615,168445.0,245.90510948905109,0.6261077384327856,44,93,52,37
913,913.0,614,168129.0,244.7292576419214,0.6317746367389276,44,93,51,37
914,914.0,611,168261.0,244.92139737991266,0.6630358257382913,44,93,50,37
915,915.0,608,167961.0,244.1293604651163,0.6691276563145138,44,93,48,38
916,916.0,609,167675.0,243.0072463768116,0.6748526546583437,45,93,47,37
917,917.0,605,167396.0,242.60289855072463,0.70241064265128,45,93,45,37
918,918.0,605,167146.0,241.89001447178003,0.7282772931815699,45,93,43,37
919,919.0,603,166583.0,240.72687861271677,0.7550055663534271,45,93,43,37
920,920.0,607,166379.0,240.0851370851371,0.750137616527381,45,93,43,37
921,921.0,603,165381.0,238.64502164502164,0.7676642750179623,45,93,42,37
922,922.0,603,164471.0,237.33189033189032,0.7940791734139813,45,93,42,37
923,923.0,610,163772.0,235.9827089337176,0.8178446319442859,45,93,44,37
924,924.0,610,163138.0,235.4083694083694,0.8165277460726805,45,93,44,37
925,925.0,613,162516.0,233.5,0.803794877972037,45,93,44,37
926,926.0,615,162427.0,233.03730272596843,0.8183683611531339,45,93,44,38
927,927.0,614,162279.0,232.49140401146133,0.8368693287616902,45,93,46,38
928,928.0,619,162168.0,232.0,0.8567022921253399,45,93,47,38
929,929.0,619,162065.0,232.18481375358166,0.8348022654807556,45,93,46,38
930,930.0,619,161958.0,231.69957081545064,0.8269804719848424,45,93,45,38
931,931.0,620,161853.0,230.88873038516405,0.8264244436468464,45,93,46,38
932,932.0,625,162475.0,231.44586894586894,0.8080192444926887,45,94,47,38
933,933.0,622,162187.0,231.03561253561253,0.8108515479326952,45,93,47,38
934,934.0,625,161957.0,230.0525568181818,0.7867171712937246,45,93,51,38
935,935.0,626,161898.0,229.96875,0.7732063302531209,45,93,51,38
936,936.0,631,161847.0,229.57021276595745,0.7449674890428498,45,93,51,38
937,937.0,633,161802.0,229.18130311614732,0.7424657442716558,45,93,51,38
938,938.0,636,161766.0,228.48305084745763,0.7173736320276528,45,93,51,38
939,939.0,636,161739.0,228.12270803949224,0.7129548639558032,45,93,53,38
940,940.0,638,161717.0,228.4138418079096,0.6734023321043354,45,93,52,38
941,941.0,641,161711.0,228.08321579689704,0.6485327820470723,45,93,52,38
942,942.0,638,159970.0,225.9463276836158,0.6009327716074242,45,93,53,36
943,943.0,637,158381.0,223.70197740112994,0.6104905102611252,45,93,53,35
944,944.0,644,157034.0,221.17464788732394,0.6187238583275397,45,94,54,33
945,945.0,638,155969.0,219.36568213783403,0.6313910228460731,45,94,54,31
946,946.0,640,155613.0,219.17323943661972,0.622639167820845,45,94,54,31
947,947.0,640,155477.0,218.67369901547116,0.634970949203931,45,94,54,32
948,948.0,644,155588.0,218.52247191011236,0.6394267004605041,45,94,55,28
949,949.0,639,155259.0,218.06039325842696,0.6449826482919213,45,94,55,25
950,950.0,639,155098.0,217.5287517531557,0.6452925335800085,45,94,56,24
951,951.0,638,155129.0,217.26750700280112,0.6615965741129715,45,94,56,24
952,952.0,637,155247.0,217.4327731092437,0.6987520140865658,45,94,56,24
953,953.0,640,155373.0,217.3048951048951,0.7320222998380768,45,94,57,24
954,954.0,643,155767.0,217.85594405594406,0.7412205048938596,45,94,56,25
955,955.0,646,155907.0,218.05174825174825,0.7179648579707621,45,94,57,26
956,956.0,647,156073.0,218.2839160839161,0.7201594824572649,45,94,56,26
957,957.0,651,156478.0,218.54469273743015,0.7279813350342158,45,94,57,27
958,958.0,654,156667.0,218.50348675034869,0.7322817601069673,45,94,58,28
959,959.0,654,157090.0,219.0934449093445,0.7419796824593872,45,94,58,30
960,960.0,659,157298.0,219.07799442896936,0.74300756749239,45,94,58,32
961,961.0,660,157518.0,219.38440111420613,0.7264008920654604,45,94,58,32
962,962.0,663,157755.0,219.4089012517385,0.7005745118140299,45,94,60,34
963,963.0,664,158217.0,220.05146036161335,0.6804580347221675,45,94,59,35
964,964.0,665,158484.0,220.11666666666667,0.647025902235155,45,94,60,35
965,965.0,666,158788.0,220.23300970873785,0.602461259589398,45,94,60,35
966,966.0,666,159255.0,220.57479224376732,0.5803387340293245,45,94,60,34
967,967.0,664,159626.0,220.78284923928078,0.5784010668447478,45,94,61,32
968,968.0,664,160003.0,220.99861878453038,0.5856323442106394,45,94,61,31
969,969.0,664,160519.0,221.4055172413793,0.5862406440042002,45,94,62,29
970,970.0,663,161043.0,222.12827586206896,0.6217039062234893,45,94,62,28
971,971.0,663,161471.0,222.71862068965518,0.6508160308736285,45,94,62,27
972,972.0,664,161921.0,223.3393103448276,0.6654276719341485,45,94,62,27
973,973.0,662,162381.0,223.66528925619835,0.6773484417518796,45,94,62,26
974,974.0,662,162865.0,224.02338376891333,0.7006974332583191,45,94,62,26
975,975.0,659,163355.0,224.69738651994498,0.7188428197861728,45,94,62,25
976,976.0,659,163862.0,225.08516483516485,0.7578359770870238,45,94,62,24
977,977.0,662,164396.0,225.50891632373114,0.7727186485492941,45,94,62,24
978,978.0,661,164935.0,225.62927496580028,0.7715979938467644,45,94,64,23
979,979.0,661,165591.0,226.5266757865937,0.761131934604857,45,94,62,23
980,980.0,662,166152.0,226.98360655737704,0.751773426322164,45,94,62,24
981,981.0,663,166721.0,227.45020463847203,0.7311039795429134,45,94,62,25
982,982.0,662,167304.0,228.2455661664393,0.7434241619725946,45,94,62,25
983,983.0,668,167942.0,228.80381471389646,0.7577088541668896,45,94,64,26
984,984.0,669,168563.0,229.3374149659864,0.7700187018382663,45,94,64,27
985,985.0,669,169172.0,229.85326086956522,0.7751792329474637,45,94,64,27
986,986.0,673,169817.0,230.7296195652174,0.7258178188592176,45,94,65,28
987,987.0,671,170466.0,231.61141304347825,0.6918533876679249,45,94,65,27
988,988.0,668,171102.0,232.47554347826087,0.6602460679551596,45,94,65,25
989,989.0,673,171757.0,233.04884667571235,0.6201240732475555,45,94,66,26
990,990.0,673,172422.0,233.95115332428765,0.5910821054959285,45,94,67,25
991,991.0,673,173091.0,234.85888738127545,0.5695579128722092,45,94,67,24
992,992.0,674,173762.0,235.76933514246946,0.5682935675015731,45,94,67,24
993,993.0,675,174433.0,236.6797829036635,0.5764414287671549,45,94,67,23
994,994.0,678,175108.0,237.91847826086956,0.5777255438776081,45,94,67,22
995,995.0,678,175786.0,238.83967391304347,0.6107907601263035,45,94,67,22
996,996.0,681,176466.0,239.438263229308,0.6380216137308117,45,94,67,22
997,997.0,680,177146.0,240.36092265943012,0.6713726589688092,45,94,67,22
998,998.0,682,177827.0,240.9579945799458,0.7075780159223138,45,94,67,22
999,999.0,685,178511.0,241.5575101488498,0.73110847795424,45,94,67,22
1000,1000.0,686,179197.0,242.48579161028417,0.76154475440606,45,94,67,22
1001,1001.0,688,179885.0,243.41677943166442,0.7756229749632492,45,94,67,22
1002,1002.0,690,180574.0,244.01891891891893,0.7819762890972531,45,94,67,22
1003,1003.0,691,181265.0,245.28416779431663,0.7477992541866063,45,94,67,22
1004,1004.0,694,181958.0,245.88918918918918,0.7410807363127673,45,94,67,23
1005,1005.0,694,182652.0,247.16102841677943,0.6964618068084265,45,94,67,22
1006,1006.0,696,183348.0,248.4390243902439,0.6472984515024033,45,94,67,22
1007,1007.0,702,184050.0,249.390243902439,0.6296307849430044,45,94,68,22
1008,1008.0,704,184753.0,250.0040595399188,0.6081649153952748,45,94,68,22
1009,1009.0,706,185458.0,250.61891891891892,0.5805782319999858,45,94,68,22
1010,1010.0,706,186164.0,251.57297297297296,0.5405777758552147,45,94,68,22
1011,1011.0,709,186872.0,252.52972972972972,0.4931348691045234,45,94,68,22
1012,1012.0,710,187581.0,253.14574898785426,0.4735885380103346,45,94,68,22
1013,1013.0,712,188292.0,253.76280323450135,0.4447417402522202,45,94,68,22
1014,1014.0,715,189005.0,254.03897849462365,0.4226276411762249,46,94,68,22
1015,1015.0,716,189720.0,255.0,0.38943540182463304,46,94,68,22
1016,1016.0,718,190437.0,255.6201342281879,0.38130695968161393,47,94,69,22
1017,1017.0,718,191155.0,256.5838926174497,0.38967278020227286,47,94,68,22
1018,1018.0,719,191873.0,257.20241286863273,0.3889130175749638,47,94,68,22
1019,1019.0,718,192591.0,258.16487935656835,0.3824608839203768,47,94,68,22
1020,1020.0,719,193310.0,259.12868632707773,0.3721844721650653,47,94,68,22
1021,1021.0,720,194030.0,260.0938337801609,0.3577769449570605,47,94,68,22
1022,1022.0,721,194749.0,261.05764075067026,0.3176263746975496,47,94,68,22
1023,1023.0,724,195472.0,261.6760374832664,0.2981532532792882,48,94,68,22
1024,1024.0,723,196195.0,262.6439089692102,0.27175358954389023,48,94,68,22
1025,1025.0,726,196920.0,263.2620320855615,0.27056637214717105,48,94,69,23
1026,1026.0,728,197648.0,264.2352941176471,0.2712748002829702,48,94,69,22
1027,1027.0,730,198377.0,264.8558077436582,0.29082877686952596,48,94,69,22
1028,1028.0,730,199107.0,265.8304405874499,0.3114240279838713,48,94,69,22
1029,1029.0,730,199837.0,266.8050734312417,0.332875869109905,48,94,69,22
1030,1030.0,730,200567.0,267.7797062750334,0.34719941635715296,48,94,69,22
1031,1031.0,730,201297.0,268.7543391188251,0.35159522940654964,48,94,69,22
1032,1032.0,732,202027.0,269.01065246338214,0.34915712562883794,48,95,69,23
1033,1033.0,730,202731.0,269.948069241012,0.3571990141489867,48,94,69,23
1034,1034.0,731,203453.0,270.54920212765956,0.36680389820249953,48,94,69,23
1035,1035.0,729,204181.0,271.51728723404256,0.3753057494146225,48,94,69,23
1036,1036.0,730,204910.0,272.12483399734396,0.38442860876117274,48,94,69,23
1037,1037.0,730,205639.0,272.7307692307692,0.38394648236063805,48,94,69,23
1038,1038.0,732,206370.0,273.3377483443709,0.3826444763558462,48,94,69,23
1039,1039.0,732,207102.0,274.3072847682119,0.3846865490397777,48,94,69,23
1040,1040.0,733,207834.0,274.91269841269843,0.3903998368570735,48,94,69,23
1041,1041.0,735,208569.0,275.88492063492066,0.3914138610372368,48,95,69,24
1042,1042.0,735,209304.0,276.85714285714283,0.3898521012117157,48,95,69,24
1043,1043.0,737,210039.0,277.09630606860156,0.3880809010225621,48,95,69,25
1044,1044.0,738,210776.0,277.7022397891963,0.37911042235852016,48,95,69,24
1045,1045.0,737,211513.0,278.67325428194994,0.3859697248749515,48,95,69,24
1046,1046.0,739,212250.0,278.9093298291721,0.3790734290730971,48,95,69,24
1047,1047.0,738,212987.0,279.51049868766404,0.38520758511918024,48,95,69,24
1048,1048.0,738,213725.0,280.4790026246719,0.3858566957043141,48,95,69,24
1049,1049.0,739,214464.0,281.4488188976378,0.3968265551328156,48,95,69,25
1050,1050.0,740,215204.0,282.4199475065617,0.41316155445959957,49,95,69,25
1051,1051.0,743,215946.0,283.0222804718218,0.4179020258155278,49,95,69,25
1052,1052.0,742,216686.0,283.62041884816756,0.43163848733764,49,96,69,25
1053,1053.0,740,215913.0,282.2392156862745,0.43642527621987387,49,95,69,23
1054,1054.0,737,215201.0,281.30849673202613,0.44408919008777575,49,95,69,21
1055,1055.0,737,215110.0,281.18954248366015,0.45683202107941107,49,95,69,21
1056,1056.0,737,215031.0,281.0862745098039,0.4689975859648937,49,95,69,20
1057,1057.0,737,214449.0,279.95953002610963,0.4805549631452232,49,95,69,18
1058,1058.0,736,214417.0,279.9177545691906,0.46279750476004927,49,95,69,18
1059,1059.0,738,214399.0,279.529335071708,0.43655546134568385,49,95,69,19
1060,1060.0,738,214381.0,279.5058670143416,0.4101056495079045,49,96,69,19
1061,1061.0,738,214366.0,279.4863102998696,0.39793590339850227,49,96,69,19
1062,1062.0,740,214375.0,279.1341145833333,0.38484680541561644,49,96,69,19
1063,1063.0,740,214418.0,279.1901041666667,0.3898432296098228,49,96,69,19
1064,1064.0,741,214475.0,278.90117035110535,0.3940426265514559,49,96,69,19
1065,1065.0,743,214586.0,278.6831168831169,0.3873099266234306,49,96,69,18
1066,1066.0,742,215328.0,279.64675324675324,0.3747141047641654,49,96,69,18
1067,1067.0,744,215450.0,279.8051948051948,0.3548927279325334,49,96,69,20
1068,1068.0,744,215598.0,279.6342412451362,0.34171931091494256,49,96,69,20
1069,1069.0,743,215799.0,279.89494163424126,0.3398883964490553,49,96,69,21
1070,1070.0,744,216534.0,280.48445595854923,0.3391742905125831,49,96,69,20
1071,1071.0,743,216787.0,281.17639429312584,0.31062974583955216,49,96,69,21
1072,1072.0,744,217087.0,281.56549935149155,0.3176117791175452,50,96,70,21
1073,1073.0,744,217391.0,281.9597924773022,0.3108566382645684,50,96,70,22
1074,1074.0,746,217708.0,282.37094682230867,0.30636787713404223,50,96,70,24
1075,1075.0,746,218027.0,282.4183937823834,0.3084986356320259,50,96,70,24
1076,1076.0,750,218775.0,282.65503875968994,0.3144579823270456,50,96,70,25
1077,1077.0,749,219103.0,283.078811369509,0.3182596351285129,50,96,70,26
1078,1078.0,749,219433.0,283.8719275549806,0.29654851471769467,50,96,70,27
1079,1079.0,750,219765.0,284.3014230271669,0.28883797689866236,50,96,70,28
1080,1080.0,750,220143.0,284.79042690815004,0.2636391968700449,50,96,70,28
1081,1081.0,750,220583.0,285.359637774903,0.2293307814149536,50,96,70,28
1082,1082.0,752,221334.0,286.33117723156533,0.19693984769864575,50,96,70,28
1083,1083.0,752,221780.0,286.5374677002584,0.17382565356080726,50,96,70,28
1084,1084.0,754,222231.0,287.12015503875966,0.17237730866752732,50,96,70,28
1085,1085.0,755,222719.0,287.3793548387097,0.1623227196564782,51,96,70,28
1086,1086.0,755,223214.0,288.018064516129,0.160129572697884,51,96,70,28
1087,1087.0,756,223756.0,288.3453608247423,0.15036106133151997,52,96,70,28
1088,1088.0,757,224318.0,288.6975546975547,0.13635442407163748,52,96,70,29
1089,1089.0,756,224905.0,289.45302445302445,0.12777810682664625,52,96,70,29
1090,1090.0,757,225496.0,290.21364221364223,0.11875592910520033,52,96,71,29
1091,1091.0,757,226252.0,291.1866151866152,0.10443041371037864,52,96,71,29
1092,1092.0,758,226925.0,292.0527670527671,0.1077826825561582,52,96,71,29
1093,1093.0,759,227684.0,293.02960102960105,0.113562507614591,52,96,71,29
1094,1094.0,762,228361.0,293.52313624678663,0.1180108060198217,53,96,71,30
1095,1095.0,761,229052.0,294.41131105398455,0.12454726173906572,53,96,71,29
1096,1096.0,760,229800.0,295.3727506426735,0.12494056700570992,53,96,71,29
1097,1097.0,762,230561.0,295.9704749679076,0.12126027002762554,53,96,71,30
1098,1098.0,763,231324.0,296.9499358151476,0.1254390444339306,53,96,71,30
1099,1099.0,763,232087.0,297.92939666238766,0.12978993066252456,53,96,71,30
1100,1100.0,764,232850.0,298.52564102564105,0.12780372464951048,53,96,71,30
1101,1101.0,765,233614.0,299.12163892445585,0.13272105587941674,53,96,71,30
1102,1102.0,766,234380.0,300.1024327784891,0.1407773669845824,53,96,71,30
1103,1103.0,769,235148.0,300.7007672634271,0.13981363814894424,53,96,71,31
1104,1104.0,769,235917.0,301.6841432225064,0.13952119693203546,53,96,71,31
1105,1105.0,769,236684.0,302.2784163473819,0.13439713764405858,53,96,71,31
1106,1106.0,770,237454.0,303.2618135376756,0.1365307109269403,53,96,71,31
1107,1107.0,771,238224.0,303.85714285714283,0.12646151524249682,53,97,71,31
1108,1108.0,772,238995.0,304.45222929936307,0.1218548937201244,53,97,71,31
1109,1109.0,772,239765.0,305.04452926208654,0.12181312057553893,53,96,71,31
1110,1110.0,774,240538.0,305.6391359593393,0.11295832629909096,53,96,71,31
1111,1111.0,774,241311.0,306.6213468869123,0.11413261825213536,54,96,71,31
1112,1112.0,777,242087.0,307.21700507614213,0.1176544739510334,54,96,71,32
1113,1113.0,776,242863.0,308.2017766497462,0.12618028075228496,54,96,71,32
1114,1114.0,777,243640.0,309.18781725888323,0.12713652063230976,54,96,71,33
1115,1115.0,778,244418.0,310.1751269035533,0.12903980103958515,54,96,71,33
1116,1116.0,778,245196.0,311.16243654822335,0.13108059318144577,54,96,71,33
1117,1117.0,780,245975.0,311.7553865652725,0.13471087017778424,54,97,71,33
1118,1118.0,780,246755.0,312.74397972116606,0.14119535990952095,54,98,71,33
1119,1119.0,781,247535.0,313.3354430379747,0.14304867051833667,54,98,72,33
1120,1120.0,781,248315.0,313.92541087231353,0.14783272451335047,54,98,71,33
1121,1121.0,780,249095.0,314.91150442477874,0.15698043808063722,54,98,71,33
1122,1122.0,781,249876.0,315.89886219974716,0.16853169758177045,54,98,71,33
1123,1123.0,781,250657.0,316.8862199747156,0.1707842482062728,54,98,71,33
1124,1124.0,781,251438.0,317.87357774968393,0.16645525845838346,54,98,71,33
1125,1125.0,781,252219.0,318.86093552465235,0.15706901388288924,54,98,71,33
1126,1126.0,781,253000.0,319.8482932996207,0.1401809046847457,54,98,71,33
1127,1127.0,782,253781.0,320.43055555555554,0.12827258430255287,54,98,71,33
1128,1128.0,782,254563.0,321.4179292929293,0.12280381990066493,54,98,72,33
1129,1129.0,783,255345.0,321.9987389659521,0.12201764240987413,54,99,72,33
1130,1130.0,783,256127.0,322.5780856423174,0.12919883978079175,54,98,72,33
1131,1131.0,786,256912.0,323.159748427673,0.14162308647878713,54,98,72,35
1132,1132.0,785,257697.0,324.14716981132074,0.157130156179082,54,98,72,35
1133,1133.0,785,258482.0,325.13459119496855,0.1678597872383473,54,98,72,35
1134,1134.0,785,259267.0,326.12201257861636,0.1713395921631213,54,98,72,35
1135,1135.0,786,260052.0,326.69849246231155,0.17445511515962497,54,98,73,35
1136,1136.0,786,260837.0,327.2735257214555,0.1766626238626821,54,98,72,35
1137,1137.0,786,261623.0,328.2597239648683,0.1846808278825768,54,99,72,35
1138,1138.0,787,262409.0,328.8333333333333,0.1905836793359329,54,99,72,35
1139,1139.0,787,263195.0,329.4055068836045,0.1926618814946135,54,99,72,35
1140,1140.0,787,263982.0,330.39048811013765,0.19672920422322873,54,99,72,35
1141,1141.0,788,264770.0,331.3767209011264,0.2019310213061831,54,99,73,35
1142,1142.0,789,265558.0,331.9475,0.19139131527493647,54,99,73,35
1143,1143.0,786,265818.0,332.2725,0.18115177509501001,52,99,73,35
1144,1144.0,785,266185.0,332.3158551810237,0.17885454427518277,50,99,73,35
1145,1145.0,784,266554.0,332.3615960099751,0.18325105568823902,48,99,73,36
1146,1146.0,782,266927.0,332.41220423412204,0.20366328191269592,46,99,73,36
1147,1147.0,780,267325.0,332.4937810945274,0.219905787567665,44,99,73,36
1148,1148.0,779,267757.0,333.03109452736317,0.23714444369410534,42,99,73,36
1149,1149.0,777,268189.0,333.568407960199,0.2591259312748627,40,99,73,36
1150,1150.0,777,268626.0,333.6968944099379,0.27809600131744544,38,99,73,37
1151,1151.0,777,269080.0,333.84615384615387,0.3039392496602351,36,99,73,37
1152,1152.0,776,269574.0,334.0446096654275,0.3263826738968325,35,99,73,37
1153,1153.0,777,270350.0,334.59158415841586,0.3456716804684811,36,99,73,37
1154,1154.0,776,270845.0,335.2042079207921,0.36293481349171197,36,99,73,37
1155,1155.0,779,271342.0,335.40420271940667,0.35608418171350714,36,99,73,38
1156,1156.0,780,271839.0,335.18988902589393,0.3433368363063117,36,99,73,38
1157,1157.0,779,272338.0,336.21975308641976,0.3071776858636743,37,99,73,38
1158,1158.0,781,272839.0,336.422934648582,0.2892691567771327,38,99,73,38
1159,1159.0,781,273341.0,337.0419235511714,0.2882575592971599,39,99,73,38
1160,1160.0,782,274123.0,338.00616522811345,0.2937336500119186,40,99,73,38
1161,1161.0,784,274627.0,338.2105911330049,0.30377274081153327,42,99,73,38
1162,1162.0,784,275132.0,338.83251231527095,0.30929498233116676,42,99,73,39
1163,1163.0,786,275639.0,339.03936039360394,0.3215037069650551,44,99,73,39
1164,1164.0,785,276146.0,339.2457002457002,0.3228265428410081,44,99,74,39
1165,1165.0,783,276653.0,339.86855036855036,0.33374409678520556,44,99,73,39
1166,1166.0,783,277160.0,340.4914004914005,0.3308784110414153,45,99,73,39
1167,1167.0,783,277667.0,341.11425061425064,0.3325022103045058,46,99,73,39
1168,1168.0,786,278452.0,341.65889570552145,0.3346211484683087,47,99,73,39
1169,1169.0,786,278961.0,341.8639705882353,0.3382003207039082,47,99,73,39
1170,1170.0,787,279471.0,342.06976744186045,0.3369213591777419,48,99,73,39
1171,1171.0,787,279981.0,342.69400244798044,0.3053541193751252,48,99,74,39
1172,1172.0,787,280492.0,342.8997555012225,0.29416981170762446,49,99,73,39
1173,1173.0,788,281280.0,344.28396572827415,0.2609507535493586,50,99,73,39
1174,1174.0,789,281793.0,344.91187270501837,0.23051193903087078,51,99,73,39
1175,1175.0,789,282308.0,345.9656862745098,0.20636088085641024,51,99,74,39
1176,1176.0,795,282826.0,345.7530562347188,0.2016229201768674,51,100,75,40
1177,1177.0,791,283342.0,346.3838630806846,0.20135113700138071,51,100,75,39
1178,1178.0,791,283857.0,346.5897435897436,0.19350137774777096,51,100,75,39
1179,1179.0,791,284374.0,347.22100122100125,0.18614601164781364,51,100,75,39
1180,1180.0,791,284891.0,347.85225885225884,0.18696280712211777,51,100,75,40
1181,1181.0,791,285408.0,348.4835164835165,0.19036937704473436,51,100,75,40
1182,1182.0,793,286200.0,349.0243902439024,0.194255663915056,51,100,75,40
1183,1183.0,793,286719.0,349.65731707317076,0.1962719397052527,51,100,75,40
1184,1184.0,794,287239.0,349.8647990255786,0.19863690682931315,51,100,75,40
1185,1185.0,795,287760.0,350.0729927007299,0.20823221562275035,51,100,76,40
1186,1186.0,794,288281.0,350.70681265206815,0.2176510404997363,51,100,76,40
1187,1187.0,796,288803.0,350.9149453219927,0.22869260441521397,51,100,76,40
1188,1188.0,797,289600.0,351.88335358444715,0.2388540516209618,51,100,76,40
1189,1189.0,796,290121.0,352.0885922330097,0.2398760384090697,51,100,76,40
1190,1190.0,796,290917.0,353.0546116504854,0.23466488059630164,51,100,76,40
1191,1191.0,796,291439.0,353.68810679611653,0.2093496009931488,51,100,76,40
1192,1192.0,798,291963.0,353.89454545454544,0.19124365281632089,51,100,76,41
1193,1193.0,798,292488.0,354.53090909090906,0.17668671938670902,51,100,76,41
1194,1194.0,797,293011.0,355.1648484848485,0.1666271519575409,51,100,76,41
1195,1195.0,799,293537.0,355.3716707021792,0.16975122526844588,51,100,76,41
1196,1196.0,800,294066.0,355.58162031438934,0.1906739173803183,51,100,76,43
1197,1197.0,799,294593.0,356.2188633615478,0.21665804123527224,51,100,76,43
1198,1198.0,800,295122.0,356.42753623188406,0.23034647039801923,51,100,76,43
1199,1199.0,799,295649.0,356.63329312424605,0.2348384921976777,51,100,76,43
1200,1200.0,799,296177.0,356.410348977136,0.24062048310465448,51,100,76,43
1201,1201.0,800,296977.0,357.37304452466907,0.24903866153112408,51,100,76,43
1202,1202.0,800,297506.0,358.0096269554753,0.23896908812088985,51,100,77,43
1203,1203.0,801,298036.0,358.21634615384613,0.259527201233177,51,100,76,44
1204,1204.0,801,298837.0,359.17908653846155,0.2759732641324246,51,100,76,44
1205,1205.0,801,299368.0,359.8173076923077,0.28173381373502426,51,100,76,44
1206,1206.0,801,299898.0,360.0216086434574,0.28971782536971163,51,100,76,44
1207,1207.0,801,300431.0,360.22901678657075,0.28341042888800455,51,100,76,44
1208,1208.0,801,300964.0,360.4359281437126,0.2829800856847793,51,100,77,44
1209,1209.0,803,301500.0,360.64593301435406,0.272202367682221,52,100,76,44
1210,1210.0,801,302034.0,361.28468899521533,0.25858877779027917,52,100,76,44
1211,1211.0,801,302568.0,361.92344497607655,0.25064462042199204,52,100,76,44
1212,1212.0,804,303372.0,362.88516746411483,0.24023556422233214,52,100,76,45
1213,1213.0,805,304176.0,363.8468899521531,0.23857374239815177,52,100,77,45
1214,1214.0,809,304716.0,364.0573476702509,0.23834767636958187,52,100,77,47
1215,1215.0,808,305254.0,364.26491646778044,0.2335702311931753,52,100,77,47
1216,1216.0,807,305792.0,364.9069212410501,0.22212047231948356,52,100,77,47
1217,1217.0,809,306334.0,365.1179976162098,0.20330370817795015,52,100,79,47
1218,1218.0,808,306874.0,365.3261904761905,0.1783483907680663,52,100,78,47
1219,1219.0,810,307418.0,365.9738095238095,0.15674176131760983,52,100,79,47
1220,1220.0,811,307961.0,366.18430439952436,0.1480360745305129,53,100,79,47
1221,1221.0,814,308770.0,366.71021377672207,0.14160342891187544,53,100,78,48
1222,1222.0,812,309579.0,367.2348754448399,0.1352282412253153,53,100,78,48
1223,1223.0,816,310395.0,368.20284697508896,0.1353830996604434,54,100,79,49
1224,1224.0,818,311211.0,368.7334123222749,0.13085726076182458,54,100,79,49
1225,1225.0,819,312028.0,369.70142180094786,0.13400832930573686,54,100,80,49
1226,1226.0,821,312847.0,370.23313609467453,0.13764103536800187,54,100,80,49
1227,1227.0,822,313667.0,370.76477541371156,0.14439434611380206,54,100,82,49
1228,1228.0,823,314489.0,371.297520661157,0.14855242675552713,54,100,81,49
1229,1229.0,822,315311.0,372.2680047225502,0.15217068957559424,54,100,81,49
1230,1230.0,823,316134.0,373.2396694214876,0.16098729259296518,54,100,81,49
1231,1231.0,826,316958.0,373.33097762073027,0.17137008496012895,54,100,81,49
1232,1232.0,826,317784.0,374.30388692579504,0.18765882113172613,54,100,82,49
1233,1233.0,826,318610.0,375.2767962308598,0.19089964476238896,54,100,82,49
1234,1234.0,828,319437.0,375.80823529411765,0.1909378619074906,54,100,83,49
1235,1235.0,828,320265.0,376.7823529411765,0.1858929464041719,54,100,82,49
1236,1236.0,831,321095.0,377.31492361927144,0.1845334011478196,54,100,82,49
1237,1237.0,832,321926.0,377.8474178403756,0.1821250143669773,54,100,82,49
1238,1238.0,831,322757.0,378.82276995305165,0.17850321783732478,54,100,82,49
1239,1239.0,834,323590.0,379.35521688159434,0.1750992589303446,54,100,84,49
1240,1240.0,836,324424.0,379.44327485380114,0.16914070429643183,54,100,83,49
1241,1241.0,836,325260.0,380.42105263157896,0.16504101351940653,54,100,83,50
1242,1242.0,838,326097.0,380.95443925233644,0.15184684453130332,54,100,83,50
1243,1243.0,842,326938.0,381.49124854142354,0.14532723089664393,54,100,85,50
1244,1244.0,842,327779.0,382.0268065268065,0.13843896931614583,54,100,86,50
1245,1245.0,842,327996.0,381.8346915017462,0.13883376135518266,52,100,85,50
1246,1246.0,841,328390.0,382.2933643771828,0.137131651417727,51,100,85,50
1247,1247.0,840,328785.0,382.7532013969732,0.13238633476729808,50,100,85,50
1248,1248.0,842,329294.0,382.9,0.13972178416071518,49,100,85,50
1249,1249.0,842,329836.0,383.5302325581395,0.1560974419839121,50,100,86,50
1250,1250.0,842,330410.0,384.19767441860466,0.16941007759744373,50,100,86,50
1251,1251.0,843,330992.0,384.87441860465117,0.17843102921231466,51,100,86,50
1252,1252.0,843,331574.0,385.10336817653894,0.18773033321071286,51,100,87,50
1253,1253.0,843,332165.0,385.7897793263647,0.21066990048601186,51,100,87,50
1254,1254.0,844,333008.0,386.3201856148492,0.22995487530714406,51,100,87,50
1255,1255.0,843,333602.0,386.5608342989571,0.2515520332740508,51,100,87,50
1256,1256.0,842,334203.0,387.25724217844726,0.26163253424027094,51,100,87,50
1257,1257.0,842,334851.0,387.55902777777777,0.2584657484838261,51,100,87,50
1258,1258.0,840,335503.0,388.3136574074074,0.26168895770124423,51,100,87,50
1259,1259.0,840,336155.0,389.068287037037,0.27020750348318395,52,100,87,50
1260,1260.0,841,336812.0,389.8287037037037,0.27853756977918454,52,100,88,50
1261,1261.0,839,337499.0,390.6238425925926,0.28535003729343533,52,100,88,50
1262,1262.0,842,338340.0,391.1445086705202,0.30491930738881307,53,100,88,50
1263,1263.0,840,339057.0,391.9734104046243,0.32900890576522485,53,100,88,50
1264,1264.0,841,339781.0,392.3568129330254,0.35428915784088827,54,100,88,50
1265,1265.0,841,340621.0,392.8731257208766,0.3852982152320792,54,100,88,50
1266,1266.0,841,341462.0,393.84313725490193,0.4074926574045992,54,100,88,50
1267,1267.0,843,342303.0,393.9044879171461,0.41375517083192975,54,100,88,50
1268,1268.0,842,343144.0,394.4183908045977,0.4118735761406238,54,100,88,50
1269,1269.0,841,343985.0,395.38505747126436,0.41450112451085985,54,100,88,50
1270,1270.0,844,344828.0,395.89896670493687,0.42178951029125905,55,100,88,50
1271,1271.0,844,345672.0,396.8679678530425,0.4304469224209052,55,100,88,50
1272,1272.0,844,346514.0,397.3784403669725,0.4372235257579497,55,100,88,50
1273,1273.0,845,347358.0,398.3463302752294,0.40703538280531704,55,100,88,51
1274,1274.0,847,348203.0,398.4016018306636,0.3955950096801414,55,100,88,51
1275,1275.0,846,349049.0,399.3695652173913,0.3910874000919132,55,100,88,52
1276,1276.0,847,349896.0,400.3386727688787,0.40460894282659077,55,100,88,52
1277,1277.0,849,350744.0,401.3089244851259,0.3932700575749674,55,100,88,52
1278,1278.0,849,351593.0,402.28032036613274,0.41288608868601306,55,100,88,52
1279,1279.0,849,352441.0,403.71248568155784,0.4109185218459618,55,100,88,52
1280,1280.0,850,353290.0,404.68499427262316,0.39581891055452195,55,100,89,52
1281,1281.0,848,354116.0,405.631156930126,0.39758953864616925,54,100,88,52
1282,1282.0,848,354943.0,406.57846506300115,0.37615484946627553,53,100,88,52
1283,1283.0,847,355770.0,407.5257731958763,0.3497624118743958,52,100,88,52
1284,1284.0,845,356601.0,408.4776632302405,0.3644435456602527,51,100,88,52
1285,1285.0,846,357446.0,408.9771167048055,0.36461114472569456,51,100,88,52
1286,1286.0,846,358292.0,409.94508009153316,0.3582970512011356,51,100,89,52
1287,1287.0,848,359139.0,410.4445714285714,0.35852048590991814,51,100,89,52
1288,1288.0,849,359988.0,411.41485714285716,0.3786469320123402,51,100,90,52
1289,1289.0,849,360837.0,412.38514285714285,0.37856442761590187,51,100,90,52
1290,1290.0,850,361686.0,412.8835616438356,0.39123331655064864,51,100,90,52
1291,1291.0,850,362535.0,413.38084378563286,0.4004867067536031,51,100,90,52
1292,1292.0,850,363384.0,413.87699316628704,0.4042288429755904,51,100,90,52
1293,1293.0,849,364093.0,414.6845102505695,0.4163684657201612,50,100,90,52
1294,1294.0,847,364661.0,415.33143507972665,0.4275407583106508,48,100,90,52
1295,1295.0,845,365229.0,415.9783599088838,0.44374403702999987,46,100,90,52
1296,1296.0,845,365797.0,416.625284738041,0.4267491968510868,44,100,90,52
1297,1297.0,843,366365.0,417.27220956719816,0.4515636214674355,42,100,91,52
1298,1298.0,842,366933.0,417.44368600682594,0.4861150558138775,40,100,91,52
1299,1299.0,840,367544.0,417.6636363636364,0.5156715341761254,38,100,91,52
1300,1300.0,838,368165.0,418.3693181818182,0.5252139616403035,37,100,91,52
1301,1301.0,838,368925.0,419.23295454545456,0.5414819063329267,37,100,91,52
1302,1302.0,836,369572.0,419.9681818181818,0.5472154389551781,35,100,91,52
1303,1303.0,836,370220.0,420.70454545454544,0.5581205267210603,35,100,91,52
1304,1304.0,837,370920.0,421.02156640181613,0.5615891263878802,34,100,91,52
1305,1305.0,835,371615.0,421.8104426787741,0.5612579618270148,33,100,91,52
1306,1306.0,837,372318.0,422.6083995459705,0.56252711732336,34,100,91,52
1307,1307.0,839,373022.0,422.9274376417234,0.5414412733374246,34,101,91,52
1308,1308.0,839,373726.0,423.2457531143828,0.527441229766246,33,100,91,52
1309,1309.0,838,374431.0,424.04416761041904,0.5163778622493039,34,100,91,52
1310,1310.0,838,375135.0,425.32312925170066,0.457524125721236,35,100,91,52
1311,1311.0,842,375976.0,425.7938844847112,0.42899191526816266,37,100,91,52
1312,1312.0,843,376684.0,426.1131221719457,0.4103929017510338,37,100,91,52
1313,1313.0,844,377395.0,426.43502824858757,0.3968944312821552,39,100,91,52
1314,1314.0,847,378109.0,427.2418079096045,0.3601660033287038,40,101,92,52
1315,1315.0,848,378825.0,428.53506787330315,0.34601291708264775,42,101,91,52
1316,1316.0,851,379543.0,428.37810383747177,0.3597512302998706,43,101,91,52
1317,1317.0,851,380263.0,429.6757062146893,0.3515083531873152,45,101,91,52
1318,1318.0,852,380983.0,430.00338600451465,0.3600340906247369,45,101,91,52
1319,1319.0,855,381838.0,431.9434389140271,0.3054614204874414,48,101,91,52
1320,1320.0,856,382562.0,432.76244343891403,0.30621468601946084,49,101,92,52
1321,1321.0,857,383286.0,433.0915254237288,0.3059394562395034,48,102,92,52
1322,1322.0,857,384012.0,433.91186440677967,0.28998761559311126,49,101,92,52
1323,1323.0,859,384742.0,434.2460496613995,0.27690344058698524,50,101,92,52
1324,1324.0,859,385470.0,434.5772266065389,0.26570091254464623,50,101,92,52
1325,1325.0,858,386198.0,435.3979706877114,0.2534428825024747,50,101,92,52
1326,1326.0,859,386927.0,436.21984216459975,0.2079147715972341,50,101,92,52
1327,1327.0,859,387785.0,437.18714768883876,0.17996309504498764,50,101,92,52
1328,1328.0,861,388516.0,437.51801801801804,0.17696257684328195,50,102,93,52
1329,1329.0,862,389250.0,438.3445945945946,0.18299704879044548,51,103,92,52
1330,1330.0,862,389983.0,439.1700450450451,0.19208863399552245,51,103,92,52
1331,1331.0,862,390716.0,439.5005624296963,0.19261136150282734,51,103,92,52
1332,1332.0,862,391450.0,440.326209223847,0.19487515672032432,51,103,92,52
1333,1333.0,862,392184.0,441.1518560179978,0.19618351421368427,51,103,92,52
1334,1334.0,862,392911.0,440.97755331088666,0.18483118014215183,51,103,92,52
1335,1335.0,863,393773.0,441.44955156950675,0.18311507919532471,51,103,92,52
1336,1336.0,865,394509.0,441.7793952967525,0.17688453251819497,51,103,93,52
1337,1337.0,864,395245.0,442.6035834266517,0.18489514894208595,51,103,93,52
1338,1338.0,866,395983.0,443.43001119820826,0.19881327118733874,51,103,93,52
1339,1339.0,865,396721.0,444.2564389697648,0.2015579947099722,51,103,93,52
1340,1340.0,866,397587.0,445.22620380739085,0.20912462903715803,51,103,93,52
1341,1341.0,866,398326.0,446.05375139977605,0.21628854996235322,51,103,93,52
1342,1342.0,866,399066.0,446.8824188129899,0.21344946636152903,51,103,93,52
1343,1343.0,866,399806.0,447.2102908277405,0.19515125628404745,51,103,94,52
1344,1344.0,867,400547.0,447.5385474860335,0.1792881766931314,51,103,93,52
1345,1345.0,867,401413.0,448.00558035714283,0.1795113478501287,51,104,93,52
1346,1346.0,866,402154.0,448.8325892857143,0.1897038216317966,51,103,93,52
1347,1347.0,869,403022.0,449.8013392857143,0.1622671644422376,51,103,93,52
1348,1348.0,869,403765.0,450.63058035714283,0.1384914463700514,51,103,93,52
1349,1349.0,871,404512.0,451.4642857142857,0.1405147422250606,51,103,94,52
1350,1350.0,872,405259.0,451.79375696767,0.14228598726594643,51,103,94,52
1351,1351.0,871,406130.0,452.7647714604236,0.14683365264257975,51,103,94,52
1352,1352.0,871,406876.0,453.5964325529543,0.1390641548881024,51,103,94,52
1353,1353.0,873,407624.0,454.4303232998885,0.12702608504208215,51,103,94,52
1354,1354.0,873,408372.0,454.75723830734967,0.11456811267175863,51,104,94,52
1355,1355.0,874,409121.0,455.0845383759733,0.10098547938937735,51,104,94,52
1356,1356.0,875,409996.0,456.0578420467186,0.09565225824344996,51,104,94,52
1357,1357.0,876,410747.0,456.89321468298107,0.08456725187192168,51,104,94,52
1358,1358.0,877,411499.0,457.2211111111111,0.08072134423964346,51,104,94,52
1359,1359.0,878,412253.0,458.0588888888889,0.0824563003850359,51,104,94,52
1360,1360.0,878,413007.0,458.89666666666665,0.08225620102217196,51,105,94,52
1361,1361.0,878,413761.0,459.7344444444444,0.08819284855729512,51,105,94,52
1362,1362.0,878,414395.0,459.92785793562706,0.09911929263505807,49,105,94,52
1363,1363.0,876,415029.0,460.1208425720621,0.10422218817844695,47,105,94,52
1364,1364.0,875,415787.0,460.45071982281286,0.11575212056683352,45,105,94,52
1365,1365.0,872,416422.0,461.1539313399779,0.12846914825037348,43,105,94,52
1366,1366.0,868,417054.0,461.8538205980066,0.14425787222197126,41,105,94,52
1367,1367.0,869,417812.0,462.1814159292035,0.16875300669023752,39,105,94,52
1368,1368.0,865,417347.0,461.6670353982301,0.2070677555251699,37,103,94,52
1369,1369.0,862,416936.0,460.70276243093923,0.24161149626045128,36,101,94,52
1370,1370.0,859,416520.0,460.24309392265195,0.2743998579835043,35,99,94,52
1371,1371.0,855,416168.0,459.3465783664459,0.30270504138626525,33,97,95,52
1372,1372.0,853,415990.0,458.6438809261301,0.338432752338204,33,95,94,52
1373,1373.0,852,416001.0,458.15088105726875,0.3803640793933006,32,93,94,52
1374,1374.0,848,416204.0,458.37444933920705,0.40610007949840876,31,91,94,52
1375,1375.0,848,416435.0,458.12431243124314,0.42399001852675344,30,89,95,52
1376,1376.0,849,416741.0,458.4609460946095,0.43516770161055734,32,88,95,52
1377,1377.0,851,416996.0,458.74147414741475,0.438392770794714,33,88,95,52
1378,1378.0,853,417253.0,458.5197802197802,0.43067912500437483,35,87,96,52
1379,1379.0,852,417511.0,458.8032967032967,0.41382180184742967,35,88,95,52
1380,1380.0,855,417772.0,458.5861690450055,0.40033601822063236,36,88,96,52
1381,1381.0,858,418578.0,459.4709110867179,0.3911917470520786,39,88,96,52
1382,1382.0,860,418843.0,459.2576754385965,0.3901760642994862,39,89,96,52
1383,1383.0,859,419161.0,460.11086717892425,0.38246281125396997,40,89,96,52
1384,1384.0,864,419430.0,459.9013157894737,0.3951286552686278,42,91,96,52
1385,1385.0,863,419850.0,460.3618421052632,0.39610767107183065,43,92,96,52
1386,1386.0,865,420277.0,461.33589462129527,0.38061031557082786,45,93,96,52
1387,1387.0,866,420731.0,462.3417582417582,0.35189194675111946,46,94,96,52
1388,1388.0,866,421242.0,462.39517014270035,0.3452390395812596,47,94,96,52
1389,1389.0,867,422057.0,463.7989010989011,0.3097437771981386,48,95,96,52
1390,1390.0,868,422873.0,464.185510428101,0.3051175715609602,47,95,96,52
1391,1391.0,865,423333.0,464.69045005488476,0.2926034230548096,48,96,96,52
1392,1392.0,868,424201.0,465.6432491767289,0.28900910370506017,49,96,96,52
1393,1393.0,870,425022.0,467.0571428571429,0.26379940627495413,50,97,96,52
1394,1394.0,873,425846.0,467.4489571899012,0.2538186026974806,51,98,96,52
1395,1395.0,875,426673.0,468.3567508232711,0.24597924831860057,51,100,96,52
1396,1396.0,875,427500.0,469.26454445664103,0.23770585975260936,51,100,96,52
1397,1397.0,878,428378.0,470.2283205268935,0.23471434958124932,52,100,96,52
1398,1398.0,877,429155.0,471.5989010989011,0.20655049382687135,50,101,96,52
1399,1399.0,877,429935.0,471.93743139407246,0.20419772879764644,48,102,96,52
1400,1400.0,876,430716.0,472.2763157894737,0.20160597375004094,46,102,97,52
1401,1401.0,877,431500.0,473.1359649122807,0.20109399162876523,44,102,97,52
1402,1402.0,875,432284.0,473.9956140350877,0.20378380304890054,42,102,97,52
1403,1403.0,875,433068.0,474.33515881708655,0.21424280335575083,40,102,97,52
1404,1404.0,874,433853.0,475.1949616648412,0.23570774380215234,38,102,97,52
1405,1405.0,873,434639.0,475.53501094091905,0.2633601385873066,36,102,98,52
1406,1406.0,873,435471.0,476.44529540481403,0.2893006372033798,34,102,99,52
1407,1407.0,872,436263.0,477.3118161925602,0.3056549610188385,32,102,99,52
1408,1408.0,870,437053.0,478.1761487964989,0.3243203602263403,31,102,99,52
1409,1409.0,870,437878.0,479.07877461706784,0.34108539922454933,31,102,99,52
1410,1410.0,873,438715.0,479.46994535519127,0.3462344260138342,31,102,99,52
1411,1411.0,871,439522.0,480.35191256830603,0.3494237741799383,30,102,99,52
1412,1412.0,870,440327.0,481.23169398907106,0.35147916990283656,31,102,99,52
1413,1413.0,874,441181.0,482.1650273224044,0.318059174853367,32,102,99,52
1414,1414.0,871,441988.0,483.0469945355191,0.31608177966335815,33,102,99,52
1415,1415.0,871,442796.0,483.93005464480876,0.3041467931711532,34,102,99,52
1416,1416.0,871,443605.0,484.2849344978166,0.2884125847367828,34,102,99,52
1417,1417.0,872,444417.0,485.17139737991266,0.2763516253295056,37,102,99,52
1418,1418.0,872,445228.0,486.05676855895194,0.2673326083004097,38,102,99,52
1419,1419.0,875,446087.0,486.46346782988,0.2736988959994679,40,102,99,52
1420,1420.0,876,446918.0,487.36968375136314,0.2824316550884593,42,102,99,52
1421,1421.0,876,447730.0,487.72331154684093,0.29175422379345156,42,102,99,52
1422,1422.0,876,448561.0,488.6285403050109,0.29285510836090506,43,102,99,52
1423,1423.0,876,449420.0,489.56427015250546,0.2813929526110467,44,102,99,52
1424,1424.0,877,450234.0,490.45098039215685,0.283302447187412,45,102,99,52
1425,1425.0,878,451051.0,491.876772082879,0.25054354205385776,47,102,99,52
1426,1426.0,877,451867.0,492.7666303162486,0.2445206526960464,47,102,99,52
1427,1427.0,877,452684.0,494.1965065502183,0.20333753007775746,47,102,99,52
1428,1428.0,877,453502.0,495.089519650655,0.19864127148259814,48,102,99,52
1429,1429.0,877,454321.0,495.44274809160305,0.19449670450372414,49,102,99,52
1430,1430.0,878,455156.0,497.4382513661202,0.15144725132441847,50,102,99,52
1431,1431.0,878,455978.0,498.33661202185795,0.14952773273701156,50,102,99,52
1432,1432.0,878,456801.0,499.78227571115974,0.12533446033583157,50,102,99,52
1433,1433.0,878,457665.0,500.7275711159737,0.12136697377399304,50,102,99,52
1434,1434.0,877,458487.0,501.6269146608315,0.1258236999106291,50,102,99,52
1435,1435.0,876,459349.0,502.5700218818381,0.12185772180670854,50,102,99,52
1436,1436.0,876,460170.0,503.4682713347921,0.1174424178226015,50,102,99,52
1437,1437.0,874,460947.0,504.3183807439825,0.1183360657731096,48,102,99,52
1438,1438.0,874,461711.0,504.6021857923497,0.12229484596759267,46,102,99,52
1439,1439.0,874,462520.0,505.4863387978142,0.13436305072378657,45,102,99,52
1440,1440.0,872,463286.0,505.7707423580786,0.15190684776809868,43,102,99,52
1441,1441.0,869,464055.0,506.0577971646674,0.17521139549096532,41,103,99,52
1442,1442.0,867,464820.0,506.33986928104576,0.2032120138403058,39,102,99,52
1443,1443.0,865,465627.0,507.218954248366,0.22917465807366355,37,102,99,52
1444,1444.0,864,466443.0,508.6619411123228,0.22613507379267186,35,102,99,52
1445,1445.0,865,467296.0,509.5921483097056,0.24089845907727095,35,102,99,52
1446,1446.0,867,468106.0,509.91938997821353,0.2646948313458558,34,102,99,52
1447,1447.0,865,468914.0,510.2437431991295,0.2793360644610543,33,102,99,52
1448,1448.0,866,469746.0,510.5934782608696,0.28887033735296735,33,102,99,52
1449,1449.0,867,470592.0,511.5130434782609,0.28363705867083316,34,102,99,52
1450,1450.0,870,471429.0,511.8664495114007,0.26863335269819655,34,102,99,52
1451,1451.0,871,472279.0,512.7893593919653,0.25343690114327855,35,102,99,52
1452,1452.0,874,473141.0,513.1681127982646,0.24227260001965847,36,103,99,52
1453,1453.0,873,473981.0,514.0791757049891,0.23705329352414248,37,103,99,52
1454,1454.0,876,474823.0,513.8777056277056,0.23594278576589914,39,103,99,52
1455,1455.0,876,475666.0,514.7900432900433,0.23575771629342204,41,103,99,52
1456,1456.0,879,476513.0,515.1491891891892,0.23482533814330353,44,103,99,52
1457,1457.0,879,477362.0,516.067027027027,0.2378414093918411,44,103,99,52
1458,1458.0,881,478223.0,516.439524838013,0.24298139613592007,44,103,99,52
1459,1459.0,879,479072.0,517.3563714902808,0.25636818693246266,45,103,99,52
1460,1460.0,880,479924.0,518.2764578833693,0.27118607287616836,46,103,99,52
1461,1461.0,882,480796.0,519.2181425485961,0.27902486691886574,47,103,99,52
1462,1462.0,884,481650.0,519.5792880258899,0.28319845667869403,48,103,99,52
1463,1463.0,881,482503.0,520.4994606256743,0.2905485346875918,48,103,99,52
1464,1464.0,882,483358.0,520.8599137931035,0.28626617209251626,49,103,99,52
1465,1465.0,882,484215.0,521.7834051724138,0.28529598462673117,50,103,99,52
1466,1466.0,882,485078.0,523.277238403452,0.26340605626857894,50,103,99,52
1467,1467.0,885,485937.0,524.2038834951456,0.22724779975153958,50,103,99,52
1468,1468.0,886,486815.0,525.151024811219,0.22645923664261935,50,103,99,52
1469,1469.0,884,487674.0,526.0776699029126,0.21500687843378963,50,103,99,52
1470,1470.0,882,488533.0,527.0043149946063,0.2105220013948339,50,103,99,52
1471,1471.0,884,489395.0,527.9341963322546,0.2127081369023941,50,103,99,52
1472,1472.0,883,490256.0,528.8629989212513,0.21163165993377056,50,103,99,52
1473,1473.0,882,491115.0,530.3617710583153,0.18203512328216595,50,103,99,52
1474,1474.0,882,491976.0,531.2915766738661,0.176741382861907,50,103,99,52
1475,1475.0,885,492846.0,531.6569579288026,0.17611154888363417,51,103,99,52
1476,1476.0,889,493734.0,532.0409482758621,0.17249410854181124,51,103,99,52
1477,1477.0,887,494605.0,532.40581270183,0.16754277282969868,51,103,99,52
1478,1478.0,890,495480.0,532.7741935483871,0.16297340528150445,52,103,100,52
1479,1479.0,890,496369.0,533.1568206229861,0.16330139667131607,52,103,99,52
1480,1480.0,891,497245.0,533.524678111588,0.1751334174821617,52,103,99,52
1481,1481.0,889,498119.0,534.4624463519314,0.18924275181556535,52,103,99,52
1482,1482.0,888,498921.0,535.3229613733905,0.2026124356325976,50,103,99,52
1483,1483.0,889,499741.0,536.2027896995709,0.21842333765034244,48,103,99,52
1484,1484.0,888,500546.0,537.6433941997851,0.22003337483166457,46,103,99,52
1485,1485.0,891,501368.0,537.3719185423365,0.24491319879300963,44,103,99,52
1486,1486.0,888,502176.0,538.2379421221865,0.2751431330113534,42,103,99,52
1487,1487.0,885,502978.0,538.5203426124197,0.2933642035368606,40,103,99,52
1488,1488.0,885,503783.0,538.8053475935828,0.3124709142461489,38,103,99,52
1489,1489.0,883,504620.0,539.7005347593583,0.3334536620197351,37,103,99,52
1490,1490.0,881,505475.0,540.6149732620321,0.34659290921315467,36,103,99,52
1491,1491.0,883,506312.0,540.9316239316239,0.34165251714544215,35,103,100,52
1492,1492.0,884,507150.0,541.8269230769231,0.3449866764175414,36,103,100,52
1493,1493.0,884,507988.0,542.7222222222222,0.3356113380791856,36,103,100,52
1494,1494.0,888,508843.0,543.0554962646745,0.33095547468542896,36,103,100,52
1495,1495.0,885,509672.0,544.5213675213676,0.3146415625709493,35,103,100,52
1496,1496.0,889,510517.0,544.8420490928495,0.30444874114791315,36,103,100,52
1497,1497.0,887,511372.0,545.7545357524012,0.3054931059542118,37,103,100,52
1498,1498.0,888,512223.0,546.6627534685166,0.30377154546997515,37,103,100,52
1499,1499.0,892,513102.0,547.6008537886873,0.31172171407629734,39,103,100,52
1500,1500.0,893,513955.0,548.5112059765208,0.30125607044530794,39,103,100,52
1501,1501.0,891,514806.0,550.0064102564103,0.27604673581922873,40,103,100,52
1502,1502.0,891,515660.0,550.9188034188035,0.2775077239939675,41,103,100,52
1503,1503.0,893,516526.0,551.8440170940171,0.27484439670412164,41,103,100,52
1504,1504.0,895,517384.0,552.7606837606837,0.2659039865030166,42,103,100,52
1505,1505.0,895,518245.0,553.6805555555555,0.2662438647536604,43,103,100,52
1506,1506.0,893,519104.0,554.5982905982906,0.26731902225316606,43,103,101,52
1507,1507.0,896,519990.0,554.9519743863394,0.26009801869946336,44,103,101,52
1508,1508.0,895,520860.0,555.880469583778,0.24638991723941867,45,103,101,52
1509,1509.0,895,521719.0,556.7972251867662,0.2452433254280142,45,103,101,52
1510,1510.0,896,522577.0,557.1183368869936,0.23924263362824374,46,103,101,52
1511,1511.0,896,523438.0,559.2286324786324,0.1707319996216187,47,103,101,52
1512,1512.0,895,524298.0,560.1474358974359,0.16545940540076837,47,103,101,52
1513,1513.0,896,525159.0,560.4685165421558,0.16062390487480746,48,103,101,52
1514,1514.0,897,526056.0,561.4258271077908,0.15685524186754018,49,103,101,52
1515,1515.0,897,526920.0,561.7484008528785,0.16068830704325224,49,103,101,52
1516,1516.0,900,527795.0,562.681236673774,0.1440119510193607,50,103,101,52
1517,1517.0,899,528668.0,563.6119402985074,0.12711461953961214,50,103,101,52
1518,1518.0,899,529544.0,564.545842217484,0.13497290327631717,50,103,101,52
1519,1519.0,899,530419.0,565.4786780383795,0.14073345864177725,50,103,101,52
1520,1520.0,903,531298.0,565.8125665601704,0.14148145182554792,51,103,102,52
1521,1521.0,905,532179.0,566.1478723404256,0.13816814917196685,51,104,101,52
1522,1522.0,905,533083.0,567.1095744680852,0.13784862678570325,51,103,101,52
1523,1523.0,904,533941.0,567.4187035069075,0.13465791150324657,51,103,101,52
1524,1524.0,904,534553.0,568.0690754516472,0.14225579814723677,51,101,101,52
1525,1525.0,903,535143.0,568.6960680127523,0.14284606142112632,51,99,101,52
1526,1526.0,901,535734.0,569.3241232731137,0.1495419163473498,51,97,101,52
1527,1527.0,902,536350.0,569.9787460148777,0.14733074062520266,51,95,101,52
1528,1528.0,901,536943.0,570.6089266737513,0.14837065327306578,51,93,101,52
1529,1529.0,902,537603.0,570.703821656051,0.15682531802057373,51,91,102,52
1530,1530.0,901,538340.0,570.8801696712619,0.16203324651309928,51,90,102,52
1531,1531.0,900,539219.0,571.8123011664899,0.17768505517627606,51,90,102,52
1532,1532.0,900,539958.0,572.5959703075291,0.1954263014571913,51,89,102,52
1533,1533.0,900,540698.0,573.3806998939555,0.19878476196784703,51,89,102,52
1534,1534.0,902,541439.0,573.5582627118644,0.1956967986916761,51,89,102,52
1535,1535.0,906,542204.0,573.7608465608465,0.19499283521467617,52,89,102,52
1536,1536.0,905,542949.0,574.5492063492063,0.19476228022749795,52,89,102,52
1537,1537.0,906,543716.0,575.3608465608465,0.1998313300015134,52,90,102,52
1538,1538.0,905,544443.0,576.7404661016949,0.18230779355472215,52,89,102,52
1539,1539.0,907,545332.0,577.6822033898305,0.17829874847452273,52,89,102,52
1540,1540.0,910,546102.0,577.8857142857142,0.18225180778846992,52,91,102,52
1541,1541.0,910,546852.0,579.292372881356,0.1632174006991579,52,92,102,52
1542,1542.0,911,547606.0,580.0911016949152,0.16668328516714445,52,93,102,52
1543,1543.0,909,548357.0,580.8866525423729,0.1763532316429239,52,94,102,52
1544,1544.0,909,549111.0,581.6853813559322,0.17969738754729597,52,94,102,52
1545,1545.0,911,549889.0,583.1272534464475,0.16461030294904108,52,96,102,52
1546,1546.0,911,550671.0,583.9565217391304,0.16485622071359365,52,96,102,52
1547,1547.0,909,551421.0,584.7518557794274,0.16309536407819553,52,96,102,52
1548,1548.0,908,552230.0,585.609756097561,0.1597910097983921,52,97,102,52
1549,1549.0,909,553121.0,586.5546129374337,0.15680832155576738,52,98,102,52
1550,1550.0,909,554011.0,587.4984093319194,0.14859743342322443,52,99,102,52
1551,1551.0,910,554903.0,588.4443266171792,0.14355321230541854,52,99,102,52
1552,1552.0,911,555796.0,589.3913043478261,0.1390778198199058,52,100,102,52
1553,1553.0,912,556706.0,590.356309650053,0.1293392498911782,52,100,102,52
1554,1554.0,915,557619.0,590.6980932203389,0.11595361101331113,52,102,102,52
1555,1555.0,913,558512.0,591.6440677966102,0.10453168566097466,52,102,102,52
1556,1556.0,914,559408.0,592.5932203389831,0.09900243432100898,52,102,102,52
1557,1557.0,914,560302.0,593.5402542372881,0.10059751135768316,52,103,102,52
1558,1558.0,914,561197.0,594.4883474576271,0.08876317091452765,52,103,102,52
1559,1559.0,916,562113.0,595.458686440678,0.07674865839704176,52,103,102,52
1560,1560.0,919,563012.0,595.1501057082453,0.06979088765455342,52,103,103,52
1561,1561.0,921,563933.0,596.1236786469344,0.06083009343022777,52,103,104,52
1562,1562.0,923,564854.0,596.4667370644139,0.06099659407853438,52,103,104,52
1563,1563.0,923,565777.0,597.441393875396,0.06413298283338217,52,103,104,52
1564,1564.0,925,566701.0,597.785864978903,0.0725108459013994,52,103,104,52
1565,1565.0,928,567628.0,598.1327713382508,0.07224383872682444,53,103,104,52
1566,1566.0,928,568556.0,599.1106427818756,0.07712147236029766,53,103,104,52
1567,1567.0,931,569486.0,599.458947368421,0.08251479018191456,53,103,105,52
1568,1568.0,931,570416.0,599.8065194532071,0.0827258582740164,53,103,105,52
1569,1569.0,931,571347.0,600.7854889589905,0.08109642900084747,53,103,105,52
1570,1570.0,932,572278.0,601.1323529411765,0.0804945069394992,53,103,106,52
1571,1571.0,932,573210.0,602.1113445378152,0.08301782660653736,53,103,105,52
1572,1572.0,930,574048.0,602.9915966386554,0.09236575003621426,53,100,105,52
1573,1573.0,929,574902.0,603.8886554621848,0.10132347549847426,53,98,105,52
1574,1574.0,928,575756.0,604.7857142857143,0.11253950662202203,53,96,105,52
1575,1575.0,928,576612.0,605.0493179433369,0.12679502998592818,53,94,106,52
1576,1576.0,926,577469.0,605.9485834207765,0.13993694561795197,53,92,106,52
1577,1577.0,927,578362.0,606.8856243441763,0.15284302864820726,53,91,106,52
1578,1578.0,928,579256.0,607.8237145855194,0.16677560984181194,53,90,106,52
1579,1579.0,928,580150.0,608.7618048268625,0.17976348589221194,53,89,106,52
1580,1580.0,929,581077.0,609.7345225603358,0.1840573099912264,53,89,106,52
1581,1581.0,932,581974.0,610.0356394129979,0.18570228901708036,53,88,106,52
1582,1582.0,931,582869.0,610.3340314136126,0.18126583169044122,53,89,106,52
1583,1583.0,931,583767.0,611.2743455497382,0.17826620625958392,53,89,106,52
1584,1584.0,932,584667.0,612.2167539267016,0.17597451837668346,53,89,106,52
1585,1585.0,934,585570.0,613.1623036649214,0.17602410196345655,53,89,106,52
1586,1586.0,934,586472.0,614.1068062827225,0.17894487488047814,53,88,106,52
1587,1587.0,938,587409.0,615.0879581151833,0.17003799347453205,53,89,107,53
1588,1588.0,939,588316.0,615.3933054393306,0.17373226692402155,53,90,107,52
1589,1589.0,937,589222.0,616.986387434555,0.16478980823086192,53,90,107,52
1590,1590.0,938,590128.0,617.2887029288703,0.17212082801131515,53,91,107,52
1591,1591.0,937,591035.0,618.2374476987447,0.18192015324531502,53,92,107,52
1592,1592.0,936,591941.0,619.8335078534031,0.1703872876773186,53,92,107,52
1593,1593.0,935,592846.0,620.7811518324608,0.1805180641738176,53,92,107,52
1594,1594.0,935,593752.0,622.3815513626835,0.1754611429132789,53,93,107,52
1595,1595.0,937,594688.0,622.709947643979,0.17721998935099748,53,94,107,52
1596,1596.0,935,595603.0,623.6680628272252,0.17143597450178488,53,94,107,52
1597,1597.0,935,596520.0,624.6282722513089,0.16285799301559437,53,95,107,52
1598,1598.0,936,597438.0,624.9351464435147,0.15172098064322526,53,96,107,52
1599,1599.0,936,598374.0,625.9142259414226,0.14648128350230008,53,97,107,52
1600,1600.0,938,599312.0,626.8953974895397,0.14260756678552655,53,98,107,53
1601,1601.0,941,600252.0,627.2225705329154,0.14326309772859222,53,99,108,53
1602,1602.0,939,601190.0,628.2027168234065,0.1450038885614169,53,98,108,53
1603,1603.0,941,602130.0,628.5281837160752,0.14066179045149582,53,99,108,53
1604,1604.0,942,603071.0,628.8540145985402,0.1414889919587946,53,99,108,53
1605,1605.0,940,604006.0,629.8289885297185,0.13916021813797577,53,99,108,52
1606,1606.0,942,604948.0,630.8112617309697,0.1407835891360478,53,99,109,52
1607,1607.0,943,605891.0,631.7945776850886,0.13726715001561565,53,99,109,52
1608,1608.0,943,606834.0,632.7778936392075,0.13116316391677268,53,99,109,52
1609,1609.0,948,607780.0,632.4453694068678,0.12780144439160085,53,99,109,52
1610,1610.0,947,608727.0,633.4308012486993,0.12758041376145018,53,99,109,52
1611,1611.0,948,609675.0,634.417273673257,0.12012507670421738,53,99,109,52
1612,1612.0,949,610623.0,634.7432432432432,0.1064203130139499,53,99,109,52
1613,1613.0,950,611573.0,635.7307692307693,0.09939290735074063,53,99,109,52
1614,1614.0,951,612523.0,636.0571131879543,0.09121440626493058,53,99,109,52
1615,1615.0,953,613476.0,637.0467289719626,0.0899888047145721,53,99,109,52
1616,1616.0,953,614427.0,637.3724066390041,0.09617355172960951,53,99,109,52
1617,1617.0,954,615381.0,638.3620331950208,0.10277877225218893,53,99,109,52
1618,1618.0,955,616335.0,638.6891191709844,0.11240678410856647,53,99,109,52
1619,1619.0,955,617290.0,639.6787564766839,0.12868448280684353,53,99,109,52
1620,1620.0,955,618245.0,640.6683937823834,0.1424924241699799,53,99,109,52
1621,1621.0,955,619200.0,641.6580310880829,0.14749908137407347,53,99,109,52
1622,1622.0,955,620155.0,642.6476683937824,0.15118332807028298,53,99,109,52
1623,1623.0,955,621110.0,643.6373056994819,0.14849090064103876,53,99,109,52
1624,1624.0,955,622065.0,644.6269430051814,0.14277542838453758,53,99,109,52
1625,1625.0,955,623020.0,645.6165803108809,0.13204936630144082,53,99,109,52
1626,1626.0,955,623975.0,646.6062176165804,0.11345689532587092,53,99,109,52
1627,1627.0,956,624931.0,647.5968911917098,0.093967194858527,53,99,109,52
1628,1628.0,957,625888.0,648.5886010362694,0.08549076385912616,53,99,109,52
1629,1629.0,958,626845.0,648.907867494824,0.07595228594986177,53,99,109,52
1630,1630.0,959,627804.0,649.9006211180124,0.07962114989042664,53,99,109,52
1631,1631.0,960,628764.0,650.8944099378882,0.08391531461350689,53,99,109,52
1632,1632.0,960,629724.0,651.888198757764,0.08851646809535464,53,99,109,52
1633,1633.0,961,630684.0,652.2068252326784,0.08928570297821618,53,99,109,52
1634,1634.0,960,631644.0,653.1995863495347,0.08987503492184667,53,99,109,52
1635,1635.0,960,632604.0,654.1923474663909,0.08543948235938088,53,99,109,52
1636,1636.0,961,633564.0,654.50826446281,0.07736691358379327,53,99,109,52
1637,1637.0,960,634524.0,655.5,0.07574290395984275,53,99,109,52
1638,1638.0,959,635191.0,656.1890495867768,0.07668438019253704,51,99,109,52
1639,1639.0,957,635857.0,656.8770661157025,0.0852708724543848,49,99,109,52
1640,1640.0,957,636525.0,656.8885448916409,0.09477906441415064,47,100,109,52
1641,1641.0,952,637073.0,657.454076367389,0.10930383833159175,45,97,109,52
1642,1642.0,949,637621.0,657.341237113402,0.13042800433973006,43,95,109,52
1643,1643.0,946,638241.0,657.980412371134,0.16284038123585373,41,94,109,52
1644,1644.0,943,638863.0,658.6216494845361,0.19670139045458804,39,93,109,52
1645,1645.0,942,639607.0,658.7095777548918,0.2364160367479302,38,92,109,52
1646,1646.0,939,640351.0,659.475798146241,0.2686477105470743,37,91,109,52
1647,1647.0,939,641094.0,659.5617283950618,0.2914658675354012,37,90,109,52
1648,1648.0,936,641838.0,660.3271604938271,0.32011329808410394,36,89,109,52
1649,1649.0,937,642721.0,661.2355967078189,0.342588958595282,38,88,109,52
1650,1650.0,936,643465.0,662.0010288065844,0.36182386116276005,38,87,109,52
1651,1651.0,936,644210.0,662.7674897119341,0.3564254541596943,39,86,109,52
1652,1652.0,935,645007.0,663.5874485596707,0.347250846237589,38,86,109,52
1653,1653.0,935,645750.0,664.3518518518518,0.34264062195209527,38,86,109,52
1654,1654.0,935,646495.0,665.1183127572017,0.3417284994703851,40,85,109,52
1655,1655.0,935,647241.0,665.2014388489208,0.3310925246485207,40,85,109,52
1656,1656.0,934,647987.0,665.9681397738951,0.3266257326619829,41,85,109,52
1657,1657.0,937,648924.0,667.6172839506173,0.3098295760814716,43,86,109,52
1658,1658.0,934,649668.0,669.071060762101,0.2955876144088771,42,86,109,52
1659,1659.0,935,650414.0,670.5298969072165,0.2907249668637602,43,87,109,52
1660,1660.0,935,651161.0,671.9927760577915,0.27945715980354524,44,88,109,52
1661,1661.0,935,651906.0,672.0680412371134,0.282983756943658,45,89,109,52
1662,1662.0,935,652790.0,673.6738906088751,0.260201296136585,46,89,109,52
1663,1663.0,936,653537.0,673.7494845360825,0.2540998554448054,47,90,109,52
1664,1664.0,936,654335.0,674.5721649484536,0.25029242212626207,48,91,109,52
1665,1665.0,934,655068.0,676.0247678018576,0.22391255539076768,49,90,109,52
1666,1666.0,933,655806.0,677.4855371900826,0.19498456465249248,50,90,109,52
1667,1667.0,935,656596.0,678.301652892562,0.1925522943210595,51,90,109,52
1668,1668.0,934,657386.0,679.8200620475698,0.1518832946177896,52,89,109,52
1669,1669.0,936,658177.0,679.9349173553719,0.14003508148613636,52,89,109,52
1670,1670.0,934,658968.0,680.7520661157025,0.14478942721275298,52,89,109,52
1671,1671.0,935,659762.0,681.5723140495868,0.14230632454705613,52,89,109,52
1672,1672.0,937,660692.0,681.828689370485,0.14562152023754454,52,89,109,52
1673,1673.0,935,661621.0,683.4927685950413,0.12290826975876334,52,88,109,52
1674,1674.0,936,662422.0,684.3202479338843,0.11883678107228919,52,89,109,52
1675,1675.0,939,663220.0,684.437564499484,0.11894096963798363,53,88,109,52
1676,1676.0,938,664020.0,685.2631578947369,0.1235470702660735,53,88,109,52
1677,1677.0,939,664819.0,686.0877192982456,0.13111444760825672,53,87,109,52
1678,1678.0,940,665620.0,686.9143446852426,0.13169301778440112,53,87,109,52
1679,1679.0,940,666422.0,687.7420020639835,0.13308236873302914,53,87,109,52
1680,1680.0,942,667229.0,687.8649484536082,0.12835159020911532,53,88,109,52
1681,1681.0,940,668032.0,688.6927835051547,0.12097451939120771,53,88,109,52
1682,1682.0,941,668966.0,689.6556701030928,0.09730867324516249,53,88,109,53
1683,1683.0,940,669760.0,691.186790505676,0.08120463278796539,53,89,109,52
1684,1684.0,938,670560.0,692.0123839009287,0.08755120895613792,53,87,109,52
1685,1685.0,937,671352.0,692.8297213622291,0.10087748077584652,53,87,109,52
1686,1686.0,938,672277.0,693.7843137254902,0.10110931466588864,53,88,109,52
1687,1687.0,937,673079.0,694.6119711042312,0.1139880557369404,53,87,109,52
1688,1688.0,937,673883.0,695.4416924664603,0.1282798077015664,53,87,109,52
1689,1689.0,935,674684.0,696.2683178534571,0.1434530805506401,53,86,109,52
1690,1690.0,936,675486.0,696.3773195876289,0.15201240756804132,53,86,109,52
1691,1691.0,937,676422.0,696.6240988671473,0.16377333688990886,53,86,109,52
1692,1692.0,934,677090.0,697.3120494335736,0.17214127583035937,53,86,109,52
1693,1693.0,935,677893.0,698.1390319258496,0.17377924201949366,53,87,109,52
1694,1694.0,934,678824.0,699.0978372811535,0.1731821210292009,53,85,109,52
1695,1695.0,936,679629.0,699.2067901234568,0.18187300633059578,53,85,109,52
1696,1696.0,937,680435.0,699.31654676259,0.1804173305857476,53,86,109,52
1697,1697.0,936,681241.0,700.1449126413155,0.18027748062965582,53,87,109,52
1698,1698.0,937,682049.0,701.6965020576132,0.1564329281621874,53,88,109,52
1699,1699.0,940,682988.0,702.6625514403293,0.1390295221530274,53,89,109,52
1700,1700.0,939,683798.0,703.4958847736625,0.1396635231229175,53,89,109,52
1701,1701.0,940,684608.0,704.3292181069959,0.14989332902778663,53,91,109,52
1702,1702.0,942,685421.0,705.8918640576725,0.13292452939025184,53,92,109,52
1703,1703.0,941,686234.0,706.7291452111225,0.13372297169129987,53,92,109,52
1704,1704.0,943,687050.0,707.5695159629248,0.12928225819276606,53,93,109,52
1705,1705.0,943,687866.0,708.4098867147271,0.11946910803502558,53,94,109,52
1706,1706.0,943,688681.0,709.2492276004119,0.11005783315856936,53,94,109,52
1707,1707.0,943,689624.0,710.2203913491246,0.10068690715109235,53,94,109,52
1708,1708.0,945,690441.0,711.0617919670443,0.10046841306458695,53,95,109,52
1709,1709.0,946,691258.0,711.9031925849639,0.0976667906185573,53,96,109,52
1710,1710.0,947,692204.0,712.8774459320289,0.09589468172365011,53,96,109,52
1711,1711.0,947,693022.0,713.7198764160659,0.0851001559055895,53,97,109,52
1712,1712.0,949,693843.0,714.5653964984552,0.08217532160681404,53,98,109,52
1713,1713.0,947,694628.0,715.373841400618,0.08541437172231553,53,96,109,52
1714,1714.0,945,695425.0,716.1946446961895,0.08736074500876743,53,95,109,52
1715,1715.0,945,696352.0,717.1493305870237,0.09167118317982191,53,94,109,52
1716,1716.0,947,697150.0,716.4953751284687,0.09823394219545406,53,93,109,52
1717,1717.0,945,698075.0,716.7094455852156,0.1038529484573756,53,92,109,52
1718,1718.0,944,699001.0,717.6601642710473,0.1120010607352713,53,91,109,52
1719,1719.0,946,699930.0,718.6139630390144,0.11604426508508403,53,90,109,52
1720,1720.0,945,700857.0,718.8276923076924,0.12427158471844585,53,89,109,52
1721,1721.0,946,701786.0,719.0430327868852,0.12980972151686057,53,88,109,52
1722,1722.0,944,702715.0,719.9948770491803,0.13891926398039334,53,87,109,52
1723,1723.0,947,703661.0,720.2262026612078,0.14729061070856922,53,88,109,52
1724,1724.0,947,704593.0,721.1801432958035,0.15427592025427422,53,87,109,52
1725,1725.0,948,705526.0,721.3967280163599,0.1554572035932248,53,87,109,52
1726,1726.0,946,706458.0,722.3496932515337,0.16211731897789167,53,86,109,52
1727,1727.0,949,707407.0,724.0603889457523,0.14086249747358928,53,87,109,52
1728,1728.0,952,708359.0,725.0348004094166,0.1417756988656276,53,88,109,52
1729,1729.0,952,709308.0,725.2638036809816,0.1432339665456382,53,89,109,52
1730,1730.0,955,710261.0,725.4964249233913,0.12563720264381725,53,90,109,52
1731,1731.0,955,711215.0,725.7295918367347,0.13238219737400023,53,90,109,52
1732,1732.0,956,712171.0,727.4473953013279,0.11793951406683703,53,90,109,52
1733,1733.0,959,713130.0,728.4269662921348,0.10232050562783357,53,91,109,52
1734,1734.0,960,714077.0,728.65,0.09757188049659857,53,91,109,52
1735,1735.0,958,715021.0,728.8695208970438,0.09988821416800321,53,89,109,52
1736,1736.0,957,715969.0,729.835881753313,0.10589300684397226,53,89,109,52
1737,1737.0,961,716920.0,730.061099796334,0.1145581831258397,53,90,109,52
1738,1738.0,962,717872.0,730.2868769074263,0.11944509239055194,53,90,109,52
1739,1739.0,961,718826.0,731.2573753814853,0.13489055434501396,53,88,109,52
1740,1740.0,961,719779.0,732.2268565615462,0.14832076618779214,53,87,109,52
1741,1741.0,962,720740.0,733.2044760935911,0.1606974600216686,53,87,109,52
1742,1742.0,963,721696.0,734.177009155646,0.1721936194647789,53,87,109,52
1743,1743.0,962,722651.0,735.1485249237029,0.1792039513193937,53,86,109,52
1744,1744.0,962,723607.0,736.1210579857578,0.17759921656945687,53,85,109,52
1745,1745.0,962,724565.0,736.3465447154472,0.18835912582719233,53,84,109,52
1746,1746.0,964,725528.0,736.5766497461929,0.19789785955021866,53,85,109,52
1747,1747.0,965,726493.0,737.556345177665,0.2003276039517246,53,86,109,52
1748,1748.0,967,727459.0,737.7880324543611,0.1979424291516374,53,87,109,52
1749,1749.0,967,728426.0,739.5187817258883,0.188232017048843,53,87,109,52
1750,1750.0,968,729394.0,740.5015228426396,0.18989407488573856,53,88,109,52
1751,1751.0,968,730362.0,741.4842639593909,0.19420668508917577,53,88,109,52
1752,1752.0,969,731331.0,742.4680203045685,0.19503821737143362,53,89,109,52
1753,1753.0,970,732300.0,743.4517766497462,0.1802055439208606,53,89,109,52
1754,1754.0,969,733269.0,744.4355329949238,0.1860483811858568,53,89,109,52
1755,1755.0,971,734239.0,745.420304568528,0.173495648262829,53,90,109,52
1756,1756.0,972,735211.0,746.4071065989848,0.18070021872405606,53,91,109,52
1757,1757.0,973,736183.0,746.6359026369169,0.18828834154957103,53,92,109,52
1758,1758.0,973,737156.0,747.6227180527384,0.1850753622198854,53,92,109,52
1759,1759.0,974,738130.0,748.6105476673428,0.1840214782290299,53,92,109,52
1760,1760.0,974,739104.0,749.5983772819473,0.17863626958553866,53,92,109,52
1761,1761.0,974,740078.0,750.5862068965517,0.17564589428738228,53,92,109,52
1762,1762.0,974,741052.0,751.5740365111562,0.17061712256845174,53,92,109,52
1763,1763.0,974,742026.0,752.5618661257606,0.16234839006889554,53,92,109,52
1764,1764.0,977,743002.0,752.7882472137791,0.16243787091977138,53,92,109,52
1765,1765.0,978,743979.0,753.0151821862348,0.16170918855628263,53,92,109,52
1766,1766.0,977,744956.0,754.004048582996,0.1604043197309901,53,92,109,52
1767,1767.0,978,745933.0,754.2295247724975,0.15138252605114685,53,92,109,52
1768,1768.0,977,746910.0,755.9817813765183,0.12309449248885201,53,92,109,52
1769,1769.0,977,747887.0,756.9706477732793,0.1100525711797588,53,92,109,52
1770,1770.0,978,748865.0,757.9605263157895,0.09705536583229411,53,93,109,52
1771,1771.0,980,749845.0,758.9524291497976,0.09261416442202898,54,93,109,52
1772,1772.0,980,750825.0,759.9443319838057,0.07959131086294322,54,93,109,52
1773,1773.0,978,751770.0,760.1314459049545,0.08308237304493866,54,91,109,52
1774,1774.0,979,752721.0,760.3242424242425,0.08896080301130109,54,91,109,52
1775,1775.0,977,753671.0,761.2838383838384,0.09339737738545602,54,90,109,52
1776,1776.0,977,754622.0,762.2444444444444,0.09656065689362585,54,89,109,52
1777,1777.0,977,755574.0,763.2060606060606,0.10320563865531096,54,88,109,52
1778,1778.0,977,756527.0,763.3975782038345,0.11291528023710169,54,87,109,52
1779,1779.0,977,757481.0,764.3602421796165,0.12569453857900037,54,86,109,52
1780,1780.0,977,758435.0,764.5514112903226,0.14262474912634257,54,85,110,52
1781,1781.0,975,759403.0,765.5272177419355,0.16235594915662013,54,84,109,52
1782,1782.0,975,760378.0,766.5100806451613,0.181121677732249,54,84,109,52
1783,1783.0,975,761353.0,767.4929435483871,0.18631330974655902,54,84,109,52
1784,1784.0,976,762329.0,768.476814516129,0.19257003622499444,54,85,109,52
1785,1785.0,977,763306.0,769.4616935483871,0.19553231546951544,54,86,109,52
1786,1786.0,977,764283.0,770.4465725806451,0.19517876792887595,54,86,109,52
1787,1787.0,978,765261.0,772.2108980827447,0.17202620977804514,54,87,109,52
1788,1788.0,979,766239.0,772.4183467741935,0.1610326744923036,54,87,109,52
1789,1789.0,978,767217.0,773.4042338709677,0.15562577158329646,54,87,109,52
1790,1790.0,980,768197.0,775.1735620585267,0.13164060906198932,54,89,109,52
1791,1791.0,984,769180.0,775.383064516129,0.12559094295301865,54,90,110,52
1792,1792.0,983,770163.0,777.1574167507569,0.10109254793000642,54,90,110,52
1793,1793.0,983,771146.0,778.1493440968718,0.10403046199520813,54,90,110,52
1794,1794.0,984,772129.0,778.3558467741935,0.104124411818558,54,90,110,52
1795,1795.0,983,773112.0,779.3467741935484,0.10940382030684154,54,90,110,52
1796,1796.0,983,774095.0,780.3377016129032,0.11069502598592562,54,90,110,52
1797,1797.0,983,775078.0,781.328629032258,0.10614428701386085,54,90,110,52
1798,1798.0,985,776062.0,781.5327291037261,0.09985923791056471,54,90,110,52
1799,1799.0,984,777046.0,782.5236656596173,0.09541504141557626,54,90,110,52
1800,1800.0,984,778030.0,783.5146022155086,0.09364881258675334,54,90,110,52
1801,1801.0,986,779015.0,783.7173038229377,0.09082283349951357,54,90,110,52
1802,1802.0,986,780001.0,784.7092555331992,0.08692560334892087,54,90,110,52
1803,1803.0,988,780988.0,784.9125628140704,0.0821226533031527,54,90,110,52
1804,1804.0,988,781975.0,785.1154618473896,0.07645512167080352,54,90,110,52
1805,1805.0,988,782962.0,785.3179538615848,0.07279116930749802,54,90,110,52
1806,1806.0,989,783950.0,785.5210420841684,0.06724978973466085,54,90,110,52
1807,1807.0,990,784940.0,786.5130260521042,0.0684633979831582,54,90,110,52
1808,1808.0,990,785930.0,787.5050100200401,0.07827754759541289,54,90,110,52
1809,1809.0,990,786920.0,788.496993987976,0.08149643112681595,54,90,110,52
1810,1810.0,991,787910.0,788.6986986986986,0.09295406487226493,54,90,110,52
1811,1811.0,991,788901.0,789.6906906906906,0.10301390320445637,54,90,110,52
1812,1812.0,991,789892.0,790.6826826826826,0.10874900571632248,54,90,110,52
1813,1813.0,991,790883.0,791.6746746746746,0.11497957616956762,54,90,110,52
1814,1814.0,991,791874.0,792.6666666666666,0.12108693246265252,54,90,110,52
1815,1815.0,991,792833.0,792.833,0.12342961610410158,54,89,110,52
1816,1816.0,989,793791.0,793.791,0.12860410199851008,54,88,110,52
1817,1817.0,988,794749.0,794.749,0.13288602922220616,54,87,110,52
1818,1818.0,987,795708.0,795.708,0.13854846778603452,54,86,110,52
1819,1819.0,986,796665.0,796.665,0.14679225337266333,54,85,110,52
1820,1820.0,987,797622.0,796.8251748251748,0.1544903035750581,54,84,110,52
1821,1821.0,986,798608.0,797.8101898101899,0.1634843168564715,54,84,110,52
1822,1822.0,986,799594.0,798.7952047952048,0.17185996428489705,54,84,110,52
1823,1823.0,986,800580.0,799.7802197802198,0.1827784727637006,54,84,110,52
1824,1824.0,986,801566.0,800.7652347652347,0.19004335645176956,54,84,110,52
1825,1825.0,988,802554.0,801.7522477522477,0.1801157388162506,54,85,110,52
1826,1826.0,988,803542.0,802.7392607392608,0.1708423731055698,54,85,110,52
1827,1827.0,989,804531.0,803.7272727272727,0.16479441373653017,54,86,110,52
1828,1828.0,990,805520.0,803.9121756487026,0.15813098475573886,54,86,110,52
1829,1829.0,991,806510.0,804.0977068793619,0.15503772957598994,54,87,110,52
1830,1830.0,992,807502.0,805.086739780658,0.1486303078271126,55,87,110,52
1831,1831.0,993,808494.0,805.2729083665339,0.14929839318980273,55,87,110,52
1832,1832.0,993,809487.0,807.0658025922233,0.1414151587260637,55,87,110,52
1833,1833.0,993,810480.0,808.0558325024925,0.13892850406309276,55,87,110,52
1834,1834.0,993,811473.0,809.8532934131737,0.1231048686676377,55,87,110,52
1835,1835.0,995,812467.0,810.036889332004,0.12400307149027087,55,87,110,52
1836,1836.0,994,813449.0,811.0159521435693,0.11055601597837501,55,86,110,52
1837,1837.0,992,814431.0,811.9950149551346,0.12358525138073698,55,85,110,52
1838,1838.0,991,815413.0,812.9740777666999,0.13103891905173856,55,84,110,52
1839,1839.0,991,816404.0,813.962113659023,0.13824932859441277,55,84,110,52
1840,1840.0,992,817395.0,814.1384462151394,0.1350754887795628,55,84,110,52
1841,1841.0,991,818386.0,815.1254980079681,0.1325701018554745,55,84,110,52
1842,1842.0,991,819377.0,816.1125498007968,0.1243573091611208,55,84,110,52
1843,1843.0,992,820368.0,816.2865671641791,0.11830065278682562,55,84,110,52
1844,1844.0,994,821361.0,816.4622266401591,0.11665108535540622,55,84,110,53
1845,1845.0,995,822355.0,816.6385302879842,0.11705701025513256,56,84,110,53
1846,1846.0,995,823350.0,817.6266137040715,0.12440068543684381,56,84,110,53
1847,1847.0,995,824345.0,818.6146971201589,0.126269518040148,56,84,110,53
1848,1848.0,995,825340.0,819.6027805362463,0.1345397205022286,56,84,110,53
1849,1849.0,995,826335.0,820.5908639523336,0.14074725872136737,56,84,110,53
1850,1850.0,997,827331.0,820.764880952381,0.14617524818267347,56,84,110,53
1851,1851.0,996,828327.0,821.7529761904761,0.14505523786647267,56,84,110,53
1852,1852.0,996,829323.0,823.558093346574,0.122518259057886,56,84,110,53
1853,1853.0,997,830319.0,823.7291666666666,0.11822879228783191,56,84,110,53
1854,1854.0,998,831316.0,824.718253968254,0.10678316125524182,56,84,110,53
1855,1855.0,997,832313.0,825.7073412698413,0.11497054885644113,56,84,110,53
1856,1856.0,998,833311.0,827.5183714001986,0.10195789045931582,56,85,110,53
1857,1857.0,997,834293.0,827.671626984127,0.10323016333400821,56,84,110,52
1858,1858.0,997,835289.0,827.8384539147671,0.10274240303349785,56,84,110,52
1859,1859.0,996,836285.0,828.8255698711596,0.10133373089723624,56,84,110,52
1860,1860.0,997,837281.0,828.9910891089108,0.09701120290427051,56,84,110,52
1861,1861.0,998,838279.0,829.9792079207921,0.09963183359236796,56,84,110,52
1862,1862.0,998,839277.0,830.9673267326733,0.10756227223746566,56,84,110,52
1863,1863.0,999,840276.0,831.9564356435643,0.10691427922898868,56,84,110,52
1864,1864.0,999,841275.0,832.9455445544554,0.10498214314843271,56,84,110,52
1865,1865.0,1000,842274.0,833.1097922848664,0.10428108539639964,56,84,110,52
1866,1866.0,1001,843274.0,833.2747035573123,0.1096968949838176,57,84,110,52
1867,1867.0,1001,844274.0,833.4392892398815,0.11035395270571266,57,84,110,52
1868,1868.0,1002,845276.0,834.4284304047384,0.11210357601307329,57,84,110,52
1869,1869.0,1002,846278.0,835.4175715695952,0.1214153119359937,57,84,110,52
1870,1870.0,1003,847281.0,836.4076999012833,0.12644959791974142,57,84,110,52
1871,1871.0,1005,848285.0,837.3988153998025,0.10874481280010122,57,84,110,53
1872,1872.0,1002,848839.0,837.9457058242843,0.11689471825210844,55,84,110,52
1873,1873.0,1000,849392.0,838.4916090819348,0.12957054128587914,53,84,110,52
1874,1874.0,998,849944.0,839.0365251727542,0.14463842483252845,51,84,110,52
1875,1875.0,997,850498.0,838.7554240631164,0.15964693068862457,49,84,110,52
1876,1876.0,994,851053.0,839.3027613412229,0.1803166971152147,47,84,110,52
1877,1877.0,993,851614.0,839.0285714285715,0.2039881763093196,45,84,110,52
1878,1878.0,991,852184.0,840.4181459566075,0.2116303577747157,44,84,110,52
1879,1879.0,989,852847.0,841.0719921104536,0.2295302690949638,42,84,110,52
1880,1880.0,988,853566.0,840.951724137931,0.23031659071500332,40,84,110,52
1881,1881.0,987,854300.0,840.8464566929134,0.23442004356995186,39,84,110,52
1882,1882.0,985,855067.0,841.6013779527559,0.2477500687378484,38,84,110,52
1883,1883.0,984,855817.0,842.3395669291339,0.25413025380823107,37,84,110,52
1884,1884.0,985,856795.0,842.4729596853491,0.2579264649674468,37,84,110,52
1885,1885.0,984,857561.0,843.2261553588987,0.2616177154402963,37,84,110,52
1886,1886.0,985,858327.0,843.1502946954813,0.25764106862138925,37,84,110,52
1887,1887.0,986,859097.0,843.9066797642436,0.2527921265086119,39,84,110,52
1888,1888.0,987,859868.0,844.664047151277,0.24427753271013802,39,84,110,52
1889,1889.0,988,860641.0,845.4233791748527,0.23678023000434523,41,84,110,52
1890,1890.0,988,861414.0,846.1827111984283,0.2315161617448212,42,84,110,52
1891,1891.0,988,862187.0,846.9420432220039,0.2249859748586854,43,84,110,52
1892,1892.0,990,863177.0,847.9145383104126,0.22280482440340413,45,84,110,52
1893,1893.0,991,863953.0,848.6768172888015,0.2239284794163251,47,84,110,52
1894,1894.0,993,864732.0,848.6084396467124,0.21249322488939662,49,84,110,52
1895,1895.0,992,865511.0,849.3729146221787,0.21139271490944286,49,84,110,52
1896,1896.0,994,866291.0,849.3049019607843,0.20892447945983,50,84,110,52
1897,1897.0,996,867287.0,850.2813725490196,0.2112515655495054,52,84,110,52
1898,1898.0,997,868069.0,850.2144955925563,0.21139688570756252,53,84,110,52
1899,1899.0,996,868851.0,850.9804113614103,0.21546557564836746,54,84,110,52
1900,1900.0,997,869634.0,851.7473065621939,0.21732794370138345,55,84,110,52
1901,1901.0,997,870417.0,852.5142017629775,0.22063113181826688,56,84,110,52
1902,1902.0,999,871415.0,852.6565557729941,0.22083646505827986,56,84,110,52
1903,1903.0,998,872199.0,854.2595494613124,0.20905539808637452,56,84,110,52
1904,1904.0,998,872985.0,855.0293829578844,0.21300228176275124,56,84,110,52
1905,1905.0,998,873983.0,856.8460784313726,0.2007442105453293,56,84,110,52
1906,1906.0,998,874768.0,858.4573110893033,0.17859383278255622,56,84,110,52
1907,1907.0,997,875552.0,859.2266928361138,0.16555562009320465,56,84,110,52
1908,1908.0,997,876336.0,859.9960745829244,0.15101583534780555,56,84,110,52
1909,1909.0,996,877119.0,860.7644749754661,0.14215205974998632,56,84,110,52
1910,1910.0,996,877903.0,861.5338567222767,0.1363250833998406,56,84,110,52
1911,1911.0,997,878688.0,862.3042198233562,0.12134215506764431,56,84,110,52
1912,1912.0,999,879477.0,863.0785083415113,0.11408273467485196,57,84,110,52
1913,1913.0,998,880263.0,863.8498527968596,0.11199560798822175,57,84,110,52
1914,1914.0,1000,881263.0,864.8312070657507,0.1100369260159436,57,84,110,52
1915,1915.0,999,882051.0,865.604514229637,0.10642967058971584,57,84,110,52
1916,1916.0,998,882837.0,866.3758586849852,0.10712306666430539,57,84,110,52
1917,1917.0,999,883625.0,868.0009823182711,0.07981000582219948,57,84,110,52
1918,1918.0,998,884415.0,868.7770137524558,0.0788716789698591,57,84,110,52
1919,1919.0,1000,885206.0,868.7006869479882,0.07613388504080977,57,84,110,52
1920,1920.0,998,885997.0,869.4769381746811,0.07629486819909928,57,84,110,52
1921,1921.0,998,886788.0,870.2531894013739,0.08115411171897007,57,84,110,52
1922,1922.0,999,887578.0,871.0284592737978,0.06577170739986186,57,84,110,52
1923,1923.0,999,888577.0,872.00883218842,0.06883381574446831,57,84,110,52
1924,1924.0,999,889367.0,872.784102060844,0.07147944574217277,57,84,110,52
1925,1925.0,998,890158.0,873.5603532875368,0.0722469926603308,57,84,110,52
1926,1926.0,1001,891158.0,873.6843137254901,0.07766881249292656,57,84,110,52
1927,1927.0,1001,891950.0,873.6043095004898,0.08208413493525232,57,84,110,52
1928,1928.0,1000,892740.0,874.3780607247796,0.0817169805436389,57,84,110,52
1929,1929.0,1000,893531.0,875.152791380999,0.08425321122585877,57,84,110,52
1930,1930.0,1000,894323.0,875.9285014691479,0.08707227767316056,57,84,110,52
1931,1931.0,1000,895116.0,876.7051909892263,0.08347514100630976,57,84,110,52
1932,1932.0,1000,895908.0,877.4809010773752,0.07891149983697758,57,84,110,52
1933,1933.0,1002,896909.0,877.6017612524462,0.07512821859713292,57,84,110,52
1934,1934.0,1002,897704.0,878.3796477495108,0.0707773548450738,57,84,110,52
1935,1935.0,1003,898501.0,878.3000977517106,0.07098664668109328,57,84,110,52
1936,1936.0,1002,899503.0,879.2795698924731,0.07571915411181392,57,84,110,52
1937,1937.0,1004,900300.0,879.19921875,0.07211985175919142,57,84,110,52
1938,1938.0,1003,901096.0,879.1180487804878,0.06505071227292779,57,84,110,52
1939,1939.0,1003,902099.0,880.0965853658537,0.05714496323690076,57,84,110,52
1940,1940.0,1004,902896.0,880.8741463414634,0.0525021916121839,57,84,110,52
1941,1941.0,1005,903694.0,880.7933723196882,0.05089858385527667,57,84,110,52
1942,1942.0,1004,904493.0,881.5721247563353,0.05204626024220033,57,84,110,52
1943,1943.0,1006,905497.0,881.6913339824732,0.05386983559404763,57,84,110,52
1944,1944.0,1007,906298.0,882.4712755598831,0.05181586748195423,57,84,110,52
1945,1945.0,1006,907097.0,883.2492697176242,0.05536437839899164,57,84,110,52
1946,1946.0,1006,907692.0,883.8286270691334,0.06353698735769903,57,84,110,52
1947,1947.0,1006,908493.0,884.6085686465433,0.0665707090863386,57,84,110,52
1948,1948.0,1007,909500.0,885.589094449854,0.07151143240610817,57,84,110,52
1949,1949.0,1006,910297.0,885.5029182879377,0.07370908885211205,57,84,110,52
1950,1950.0,1006,911301.0,886.4795719844358,0.07693777658805724,57,84,110,52
1951,1951.0,1008,912101.0,886.3955296404276,0.08056256656198325,57,84,110,52
1952,1952.0,1006,913106.0,887.3722060252672,0.08293176117173973,57,84,110,52
1953,1953.0,1006,914112.0,888.3498542274052,0.08536605024994898,57,84,110,52
1954,1954.0,1008,915120.0,889.3294460641399,0.0866135507372425,57,84,110,52
1955,1955.0,1009,916128.0,889.4446601941747,0.08979733688119838,57,84,111,52
1956,1956.0,1011,917139.0,890.426213592233,0.0915915273073209,57,84,110,52
1957,1957.0,1012,918150.0,890.5431619786615,0.09117056742858634,57,84,110,52
1958,1958.0,1011,919161.0,891.5237633365664,0.08968265074287932,57,84,110,52
1959,1959.0,1012,920172.0,891.6395348837209,0.08507907667262539,57,84,110,52
1960,1960.0,1013,921180.0,891.7521781219748,0.08518699928497206,57,84,110,52
1961,1961.0,1013,922192.0,892.731848983543,0.0823602342740265,57,84,110,52
1962,1962.0,1016,923205.0,892.848162475822,0.07911786254274543,57,84,110,52
1963,1963.0,1016,924219.0,893.8288201160542,0.07838693930798164,57,85,110,52
1964,1964.0,1019,925235.0,893.9468599033817,0.0788631182563361,57,85,111,52
1965,1965.0,1018,926249.0,894.0627413127413,0.08391473990645003,57,84,111,52
1966,1966.0,1019,927267.0,894.182256509161,0.09060196273160334,57,84,111,52
1967,1967.0,1019,928286.0,895.1648987463838,0.09322907749154048,57,84,111,52
1968,1968.0,1021,929307.0,896.1494696239151,0.08919436812683293,57,84,111,52
1969,1969.0,1022,930329.0,897.1350048216008,0.09269007884837321,57,84,111,52
1970,1970.0,1023,931352.0,898.1215043394407,0.09229454284305846,57,84,111,52
1971,1971.0,1025,932377.0,899.1099324975892,0.09132865179684495,57,84,111,52
1972,1972.0,1026,933402.0,900.0983606557377,0.09172393887517431,57,84,111,52
1973,1973.0,1027,934428.0,901.0877531340406,0.09075003442335021,57,84,111,52
1974,1974.0,1030,935456.0,901.2100192678228,0.09513018594513055,57,84,111,52
1975,1975.0,1029,936483.0,901.3310875842155,0.10061501750428682,57,84,111,52
1976,1976.0,1029,937512.0,902.3214629451395,0.10280695842631443,57,84,111,52
1977,1977.0,1030,938542.0,903.3128007699711,0.11254769409212467,57,84,111,52
1978,1978.0,1032,939573.0,903.435576923077,0.11688086408340109,57,84,111,52
1979,1979.0,1030,940602.0,904.425,0.11936149923524439,57,84,111,52
1980,1980.0,1032,941633.0,904.5465898174832,0.11893816385116855,57,84,111,52
1981,1981.0,1032,942664.0,904.6679462571977,0.11618977762742548,57,84,111,52
1982,1982.0,1031,943695.0,905.6573896353167,0.1147941744516639,57,84,111,52
1983,1983.0,1031,944726.0,906.6468330134358,0.11372436794253271,57,84,111,52
1984,1984.0,1031,945757.0,907.6362763915547,0.1174859835383174,57,84,111,52
1985,1985.0,1033,946790.0,908.6276391554702,0.12541912940630784,57,84,111,52
1986,1986.0,1033,947823.0,909.6190019193858,0.13155117827042023,57,84,111,52
1987,1987.0,1033,948856.0,910.6103646833013,0.134830826633035,57,84,111,52
1988,1988.0,1033,949889.0,912.4774255523535,0.12860178320614427,57,84,111,52
1989,1989.0,1033,950922.0,913.4697406340058,0.1289425496975843,57,84,111,52
1990,1990.0,1034,951955.0,913.584452975048,0.12200965551450507,57,84,111,52
1991,1991.0,1034,952988.0,913.698945349952,0.1113110464353175,57,84,111,52
1992,1992.0,1033,954021.0,914.6893576222435,0.09836768867259438,57,84,111,52
1993,1993.0,1033,955054.0,915.679769894535,0.08472316755709364,57,84,111,52
1994,1994.0,1034,956088.0,916.6711409395973,0.0795048381036919,57,84,111,52
1995,1995.0,1034,957121.0,917.6615532118888,0.08084386088441504,57,84,111,52
1996,1996.0,1034,958155.0,918.6529242569511,0.08624534999170864,57,84,111,52
1997,1997.0,1036,959190.0,918.764367816092,0.08860652579683251,57,84,111,52
1998,1998.0,1035,960225.0,919.7557471264367,0.09222208241390761,57,84,111,52
1999,1999.0,1037,961262.0,920.7490421455939,0.09682877879498535,57,84,111,52
2000,2000.0,1038,962299.0,920.8602870813397,0.0982471447415174,57,84,111,52
2001,2001.0,1037,963336.0,921.8526315789474,0.09823680072548477,57,84,111,52
2002,2002.0,1037,964373.0,922.844976076555,0.08914076036613197,57,84,111,52
2003,2003.0,1037,965410.0,923.8373205741627,0.07789748182532472,57,84,111,52
2004,2004.0,1037,966447.0,924.8296650717704,0.0627972473664795,57,84,111,52
2005,2005.0,1037,967484.0,925.822009569378,0.05221480619264339,57,84,111,52
2006,2006.0,1041,968524.0,925.9311663479923,0.05056141350880636,57,84,111,52
2007,2007.0,1041,969565.0,926.9263862332696,0.054177819965108405,57,85,111,52
2008,2008.0,1042,970607.0,927.9225621414914,0.05588665411214263,57,85,111,52
2009,2009.0,1044,971649.0,927.1459923664122,0.05528362474992458,57,85,111,52
2010,2010.0,1042,972691.0,928.1402671755725,0.06108162484707798,57,85,111,52
2011,2011.0,1043,973733.0,928.2488083889418,0.06262553321994856,57,85,111,52
2012,2012.0,1042,974775.0,929.2421353670162,0.07064288192876829,57,85,111,52
2013,2013.0,1042,975817.0,930.2354623450906,0.07742459569600814,57,85,111,52
2014,2014.0,1042,976859.0,931.228789323165,0.07685420650952922,57,85,111,52
2015,2015.0,1042,977901.0,932.2221163012392,0.080343695598632,57,85,111,52
2016,2016.0,1043,978943.0,932.3266666666667,0.08386185307500262,57,85,111,52
2017,2017.0,1042,979985.0,933.3190476190476,0.07942637219616974,57,85,111,52
2018,2018.0,1043,981027.0,933.4224548049476,0.08028129169472632,57,85,111,52
2019,2019.0,1044,982070.0,933.5266159695817,0.08315970175511671,57,85,111,52
2020,2020.0,1043,983113.0,934.518060836502,0.08909004868965893,57,85,111,52
2021,2021.0,1045,984157.0,934.622032288699,0.09448251050082596,58,85,111,52
2022,2022.0,1044,985201.0,935.613485280152,0.09732997428241445,58,85,111,52
2023,2023.0,1044,986245.0,936.604938271605,0.09756684457847756,58,85,111,52
2024,2024.0,1044,987289.0,937.596391263058,0.09176930806209076,58,85,111,52
2025,2025.0,1042,988045.0,938.3143399810067,0.09151980477367543,56,85,111,52
2026,2026.0,1041,988803.0,939.034188034188,0.09425843785345726,54,86,111,52
2027,2027.0,1041,989562.0,938.8633776091082,0.10360433430526282,52,86,112,52
2028,2028.0,1038,990320.0,939.5825426944972,0.11769530776987921,50,86,111,52
2029,2029.0,1036,991077.0,940.3007590132827,0.12548785333086623,48,86,111,52
2030,2030.0,1035,991835.0,941.0199240986717,0.13653646550820775,46,86,111,52
2031,2031.0,1034,992591.0,940.8445497630332,0.145507167802942,44,86,111,52
2032,2032.0,1032,993346.0,941.5601895734598,0.16264415675562127,42,86,111,52
2033,2033.0,1031,994102.0,942.2767772511849,0.16740544144540542,40,87,111,52
2034,2034.0,1032,994997.0,942.2320075757576,0.1599591150338817,40,87,111,52
2035,2035.0,1032,995875.0,942.1712393566698,0.1605008004510229,38,88,112,52
2036,2036.0,1032,996768.0,943.0160832544939,0.17411723083383676,38,88,112,52
2037,2037.0,1032,997662.0,943.8618732261116,0.18430162056830848,38,88,112,52
2038,2038.0,1033,998557.0,944.7086092715232,0.19087542454412382,39,88,112,52
2039,2039.0,1034,999452.0,944.6616257088847,0.18507865506338986,39,88,112,52
2040,2040.0,1034,1000350.0,945.5103969754254,0.17137080633554969,41,88,112,52
2041,2041.0,1033,1001248.0,946.359168241966,0.16325069291192326,41,88,112,52
2042,2042.0,1033,1002147.0,947.2088846880907,0.15118411548932464,42,88,112,52
2043,2043.0,1035,1003136.0,948.1436672967864,0.14650005298953062,44,87,112,52
2044,2044.0,1034,1004017.0,948.9763705103969,0.14035694385306982,46,85,112,52
2045,2045.0,1034,1004906.0,948.9197355996223,0.14714754408073374,46,84,112,52
2046,2046.0,1034,1005806.0,949.7695939565627,0.15204898927497948,48,84,112,52
2047,2047.0,1035,1006841.0,950.7469310670443,0.15631726666736537,49,84,112,52
2048,2048.0,1034,1007741.0,951.5967894239849,0.1646899571614618,49,84,112,52
2049,2049.0,1035,1008641.0,952.4466477809254,0.17295851436946905,50,84,112,52
2050,2050.0,1037,1009545.0,953.300283286119,0.18267970011350898,52,84,112,52
2051,2051.0,1037,1010448.0,954.1529745042493,0.19228252950837993,53,84,112,52
2052,2052.0,1037,1011351.0,954.1047169811321,0.19873306580898342,53,84,112,52
2053,2053.0,1036,1012255.0,955.8593012275732,0.18436888731048526,54,84,112,52
2054,2054.0,1036,1013291.0,956.837582625118,0.18854069999128606,54,84,112,52
2055,2055.0,1036,1014195.0,958.5964083175803,0.16827538211959603,55,84,112,52
2056,2056.0,1035,1015098.0,959.4499054820416,0.16413713256369097,55,84,112,52
2057,2057.0,1035,1016002.0,961.2128666035951,0.13606074232757945,56,84,112,52
2058,2058.0,1036,1016906.0,962.0681173131504,0.13416724838354263,56,84,112,52
2059,2059.0,1036,1017812.0,963.8371212121212,0.1159728352358858,56,84,112,52
2060,2060.0,1037,1018849.0,964.8191287878788,0.10702921004576228,56,84,112,52
2061,2061.0,1039,1019756.0,965.6780303030303,0.08462837993836386,56,84,112,52
2062,2062.0,1040,1020664.0,965.6234626300851,0.07552605524849289,56,84,112,52
2063,2063.0,1040,1021572.0,965.5689981096408,0.07027181021912582,56,84,112,52
2064,2064.0,1038,1022479.0,967.3405865657521,0.06004082985781193,56,84,112,52
2065,2065.0,1039,1023386.0,967.2835538752363,0.06054048044813678,56,84,112,52
2066,2066.0,1039,1024295.0,967.2285174693106,0.05823461804196466,56,85,112,52
2067,2067.0,1036,1025138.0,968.0245514636449,0.06534201626796449,54,85,112,52
2068,2068.0,1034,1025981.0,968.8205854579792,0.07084233955810884,52,85,112,52
2069,2069.0,1032,1026952.0,969.7374881964117,0.08805390864371847,50,85,112,52
2070,2070.0,1030,1027792.0,970.5306893295561,0.09901343349049778,48,85,112,52
2071,2071.0,1029,1028635.0,970.4103773584906,0.11467967949215609,46,85,113,52
2072,2072.0,1028,1029478.0,971.2056603773585,0.13821105542407508,44,85,112,52
2073,2073.0,1026,1030448.0,972.1207547169811,0.15754775373394858,42,85,112,52
2074,2074.0,1025,1031187.0,972.8179245283019,0.1779222269296056,41,85,112,52
2075,2075.0,1024,1032158.0,973.7339622641509,0.19096802503949536,39,85,112,52
2076,2076.0,1024,1033019.0,974.5462264150943,0.19861630576733522,39,84,112,52
2077,2077.0,1023,1033888.0,974.4467483506127,0.2067244526366134,38,84,112,52
2078,2078.0,1022,1034755.0,975.2639019792648,0.2200250854317785,38,84,112,52
2079,2079.0,1024,1035628.0,976.0867106503299,0.21837142955369118,39,84,113,52
2080,2080.0,1025,1036501.0,975.9896421845574,0.21806567539379154,39,84,113,52
2081,2081.0,1023,1037500.0,976.9303201506591,0.2186463794406662,38,84,113,52
2082,2082.0,1024,1038374.0,977.7532956685499,0.20743691097751618,40,84,113,52
2083,2083.0,1024,1039248.0,978.5762711864406,0.20488958488307815,41,84,113,52
2084,2084.0,1024,1040126.0,979.4030131826742,0.19653659838168153,42,84,113,52
2085,2085.0,1025,1041128.0,980.346516007533,0.1941882773342097,44,84,113,52
2086,2086.0,1025,1042006.0,981.1732580037665,0.19112582680162402,45,84,113,52
2087,2087.0,1023,1042760.0,981.8832391713747,0.18441594223397698,46,84,113,52
2088,2088.0,1025,1043764.0,982.8286252354048,0.16879775429042498,47,84,113,52
2089,2089.0,1025,1044788.0,983.7928436911487,0.1619956204600902,47,84,113,52
2090,2090.0,1024,1045541.0,984.5018832391713,0.1571178494263613,48,84,113,52
2091,2091.0,1023,1046419.0,985.3286252354048,0.15363909186290856,48,84,113,52
2092,2092.0,1026,1047300.0,986.1581920903955,0.15312379319051933,49,85,113,52
2093,2093.0,1029,1048329.0,987.1271186440678,0.1518062854873878,50,85,113,52
2094,2094.0,1028,1049209.0,987.9557438794727,0.15518241934867003,51,85,113,52
2095,2095.0,1027,1050089.0,990.65,0.12272139072252274,51,85,113,52
2096,2096.0,1025,1050968.0,991.4792452830188,0.12003705472747167,51,85,113,52
2097,2097.0,1026,1051848.0,991.3741753063148,0.11368853914825414,52,85,113,52
2098,2098.0,1027,1052875.0,993.2783018867924,0.09225514970588897,53,85,113,52
2099,2099.0,1026,1053755.0,995.0472143531633,0.07185519756780016,53,85,113,52
2100,2100.0,1028,1054658.0,994.9603773584905,0.06943851174964578,53,85,113,52
2101,2101.0,1026,1055538.0,995.7905660377359,0.07292700142029727,53,85,113,52
2102,2102.0,1027,1056421.0,996.6235849056603,0.0787063993829687,53,86,113,52
2103,2103.0,1028,1057427.0,996.6324222431668,0.07716211252511548,53,86,113,52
2104,2104.0,1027,1058433.0,997.5805843543826,0.0779943374697648,53,86,113,52
2105,2105.0,1027,1059438.0,998.5278039585297,0.0804176811401371,53,86,113,52
2106,2106.0,1026,1060430.0,999.4627709707822,0.08291118513168373,53,85,113,52
2107,2107.0,1026,1061432.0,999.4651600753295,0.08324800677840428,53,84,113,52
2108,2108.0,1026,1062440.0,1000.4143126177024,0.08826514515341695,53,84,113,52
2109,2109.0,1028,1063467.0,1000.439322671684,0.08553118521094158,53,84,113,52
2110,2110.0,1028,1064475.0,1001.3875823142051,0.08632406372066379,53,84,113,52
2111,2111.0,1029,1065485.0,1002.337723424271,0.08304966836302925,53,84,113,52
2112,2112.0,1032,1066516.0,1002.3646616541354,0.08941640440900765,53,84,113,52
2113,2113.0,1031,1067527.0,1003.3148496240601,0.10006478493878848,53,84,113,52
2114,2114.0,1032,1068540.0,1004.2669172932331,0.09772292927245775,53,84,113,52
2115,2115.0,1035,1069555.0,1003.3348968105066,0.0994370266468981,53,84,113,52
2116,2116.0,1033,1070570.0,1004.2870544090056,0.10625339325429599,53,84,113,52
2117,2117.0,1037,1071588.0,1003.3595505617977,0.10848042700685584,53,84,113,52
2118,2118.0,1035,1072606.0,1004.312734082397,0.11209028275593656,53,84,113,52
2119,2119.0,1038,1073643.0,1004.3433115060805,0.12080538537091395,53,84,113,53
2120,2120.0,1038,1074663.0,1005.2974742750234,0.12545448632993192,53,84,113,52
2121,2121.0,1038,1075670.0,1007.1816479400749,0.11471528508117744,53,84,113,52
2122,2122.0,1038,1076708.0,1009.0984067478913,0.10644683716740717,53,84,113,52
2123,2123.0,1039,1077747.0,1010.0721649484536,0.1088272304905006,53,84,113,52
2124,2124.0,1040,1078771.0,1011.0318650421743,0.11605596374008555,53,84,113,52
2125,2125.0,1040,1079794.0,1011.9906279287723,0.12319919751256624,53,84,113,52
2126,2126.0,1043,1080821.0,1012.0046816479401,0.12323274268789938,53,84,113,52
2127,2127.0,1042,1081846.0,1012.9644194756554,0.12240935068836231,53,84,113,52
2128,2128.0,1042,1082872.0,1013.9250936329588,0.11406441875203088,53,84,113,52
2129,2129.0,1044,1083899.0,1013.9373246024322,0.10498552267625988,53,84,113,52
2130,2130.0,1045,1084944.0,1015.8651685393259,0.08899690410679165,53,84,113,52
2131,2131.0,1046,1085973.0,1015.8774555659495,0.09080609584104084,53,84,113,52
2132,2132.0,1047,1087003.0,1015.8906542056075,0.09311979503825313,53,84,113,53
2133,2133.0,1048,1088051.0,1016.8700934579439,0.10078657285144395,53,84,113,53
2134,2134.0,1048,1089082.0,1017.833644859813,0.10869599000452969,53,84,113,53
2135,2135.0,1048,1090114.0,1018.7981308411215,0.11467217100883417,53,84,113,53
2136,2136.0,1048,1091146.0,1019.7626168224299,0.11951271249513216,53,84,113,53
2137,2137.0,1048,1092178.0,1020.7271028037383,0.12312980342257712,53,84,113,53
2138,2138.0,1048,1093212.0,1021.6934579439252,0.12669397563405171,53,84,113,53
2139,2139.0,1048,1094247.0,1022.6607476635514,0.12553630080244893,53,84,113,53
2140,2140.0,1047,1095279.0,1023.6252336448598,0.12534472913465203,53,84,113,53
2141,2141.0,1047,1096326.0,1024.603738317757,0.13028513243742776,53,84,113,53
2142,2142.0,1046,1097357.0,1025.5672897196262,0.13346585732337143,53,84,113,53
2143,2143.0,1047,1098390.0,1026.5327102803737,0.1368420171361823,53,84,113,53
2144,2144.0,1048,1099424.0,1027.4990654205608,0.1396642398192516,53,84,113,53
2145,2145.0,1048,1100472.0,1028.478504672897,0.13938775346339802,53,84,113,53
2146,2146.0,1048,1101505.0,1028.482726423903,0.13357212861586715,53,84,113,53
2147,2147.0,1049,1102553.0,1028.500932835821,0.12476835756092476,53,84,113,53
2148,2148.0,1049,1103602.0,1029.4794776119404,0.12098746240950162,53,84,113,53
2149,2149.0,1050,1104652.0,1030.4589552238806,0.11222386263331667,53,84,113,53
2150,2150.0,1051,1105703.0,1031.4393656716418,0.10272585693713031,53,84,113,53
2151,2151.0,1052,1106735.0,1031.4398881640261,0.0980003289490645,53,84,113,52
2152,2152.0,1054,1107789.0,1032.422180801491,0.09754702200542982,54,84,113,52
2153,2153.0,1055,1108841.0,1032.4404096834264,0.09665162927626678,54,84,113,52
2154,2154.0,1056,1109896.0,1032.4613953488372,0.09261430164329179,54,84,113,52
2155,2155.0,1058,1110953.0,1032.4842007434945,0.09661442252967903,54,84,113,52
2156,2156.0,1058,1112011.0,1033.467472118959,0.09126852827331497,54,84,113,52
2157,2157.0,1057,1113041.0,1034.424721189591,0.09798859370202778,54,84,113,52
2158,2158.0,1059,1114100.0,1035.4089219330856,0.10648790751349466,54,84,113,52
2159,2159.0,1058,1115157.0,1037.3553488372092,0.09376391749932977,54,84,113,52
2160,2160.0,1062,1116218.0,1037.3773234200744,0.1042697081666892,54,84,113,52
2161,2161.0,1061,1117279.0,1038.3633828996283,0.11197101565814917,54,84,113,52
2162,2162.0,1061,1118337.0,1038.381615598886,0.11843886750734507,54,84,113,52
2163,2163.0,1062,1119399.0,1039.367688022284,0.12142842466756026,54,84,113,52
2164,2164.0,1063,1120462.0,1040.3546889507893,0.12282281891634203,54,84,113,52
2165,2165.0,1064,1121526.0,1041.342618384401,0.12073863512525293,54,84,113,52
2166,2166.0,1064,1122590.0,1042.330547818013,0.11256701503401478,54,84,113,52
2167,2167.0,1066,1123655.0,1042.351576994434,0.10453006971297846,54,84,113,52
2168,2168.0,1067,1124722.0,1043.3413729128015,0.09996355524667591,54,84,113,52
2169,2169.0,1068,1125789.0,1043.3632993512513,0.09461884430231085,54,84,113,52
2170,2170.0,1069,1126858.0,1044.354031510658,0.08546045624256851,54,84,113,52
2171,2171.0,1070,1127927.0,1045.3447636700648,0.08076023503868945,55,84,113,52
2172,2172.0,1073,1128998.0,1045.3685185185186,0.07953808637286197,55,84,113,52
2173,2173.0,1073,1130071.0,1046.362037037037,0.08340193689247988,55,84,113,52
2174,2174.0,1073,1131144.0,1047.3555555555556,0.08581251771471958,55,84,113,52
2175,2175.0,1073,1132217.0,1048.349074074074,0.08266828465348817,55,84,113,52
2176,2176.0,1073,1133290.0,1049.3425925925926,0.07454457595708679,55,84,113,52
2177,2177.0,1073,1134363.0,1050.3361111111112,0.06978589336214609,55,84,113,52
2178,2178.0,1075,1135438.0,1051.3314814814814,0.0658065184112144,55,84,113,52
2179,2179.0,1075,1136513.0,1052.3268518518519,0.06549930639084378,55,84,113,52
2180,2180.0,1075,1137588.0,1053.3222222222223,0.061067607011696806,55,84,113,52
2181,2181.0,1075,1138663.0,1054.3175925925925,0.055373745292534596,55,84,113,52
2182,2182.0,1077,1139739.0,1054.3376503237744,0.050420892119119765,55,84,113,52
2183,2183.0,1077,1140816.0,1055.3339500462534,0.048190533490215265,55,84,113,52
2184,2184.0,1077,1141893.0,1056.3302497687328,0.044590117261736284,55,84,113,52
2185,2185.0,1078,1142970.0,1056.3493530499077,0.040526192035476236,55,84,113,52
2186,2186.0,1077,1144047.0,1057.3447319778188,0.041638566020668885,55,84,113,52
2187,2187.0,1078,1145124.0,1057.3628808864266,0.04461312858178324,55,84,114,52
2188,2188.0,1077,1146201.0,1058.3573407202216,0.05192655727467478,55,84,113,52
2189,2189.0,1078,1147278.0,1058.3745387453876,0.05828490409269221,55,84,113,52
2190,2190.0,1078,1148355.0,1058.3917050691243,0.07283616811418578,55,84,113,52
2191,2191.0,1077,1149432.0,1059.384331797235,0.08552888537928265,55,84,113,52
2192,2192.0,1077,1150509.0,1060.3769585253456,0.08570768351635019,55,84,113,52
2193,2193.0,1077,1151586.0,1061.3695852534563,0.07639153445808132,55,84,113,52
2194,2194.0,1078,1152664.0,1062.363133640553,0.07117890667256505,55,84,114,52
2195,2195.0,1078,1153742.0,1063.3566820276499,0.06796683786904181,55,84,114,52
2196,2196.0,1079,1154821.0,1064.3511520737327,0.06534879954064877,55,84,114,52
2197,2197.0,1081,1155902.0,1065.347465437788,0.06433802214959791,55,84,114,52
2198,2198.0,1081,1156983.0,1066.3437788018434,0.06083542218567509,55,84,114,52
2199,2199.0,1082,1158064.0,1066.3572744014732,0.0597463595969669,55,84,115,52
2200,2200.0,1082,1159145.0,1066.3707451701932,0.05853616486905217,55,84,114,52
2201,2201.0,1081,1160226.0,1067.3652253909843,0.06131632651237581,55,84,114,52
2202,2202.0,1081,1161307.0,1068.3597056117756,0.06181822747179651,55,84,114,52
2203,2203.0,1081,1162388.0,1069.3541858325666,0.0631702599954978,55,84,114,52
2204,2204.0,1082,1163470.0,1070.3495860165594,0.059782922310744745,56,84,114,52
2205,2205.0,1083,1164553.0,1071.3459061637534,0.06040910632203738,56,84,115,52
2206,2206.0,1083,1165636.0,1072.3422263109476,0.06206476452945712,56,84,115,52
2207,2207.0,1083,1166719.0,1073.3385464581418,0.06252375504191597,56,84,115,52
2208,2208.0,1083,1167802.0,1074.3348666053357,0.06194967823166291,56,84,115,52
2209,2209.0,1083,1168885.0,1075.33118675253,0.061132516061211915,56,84,115,52
2210,2210.0,1083,1169968.0,1077.318600368324,0.0350797875949427,56,84,115,52
2211,2211.0,1083,1171051.0,1078.315837937385,0.02667423611212218,56,84,115,52
2212,2212.0,1083,1172134.0,1079.3130755064458,0.01912698689165168,56,84,115,52
2213,2213.0,1083,1173217.0,1080.3103130755064,0.011591814518763479,56,84,115,52
2214,2214.0,1084,1174301.0,1081.3084714548802,0.004880128916236185,56,85,115,52
2215,2215.0,1085,1175385.0,1081.3109475620975,0.001345230105149672,56,85,115,52
2216,2216.0,1084,1176469.0,1082.3081876724932,0.0038212591678967508,56,85,115,52
2217,2217.0,1084,1177553.0,1083.3054277828887,0.007041575276989387,56,85,115,52
2218,2218.0,1085,1178638.0,1084.3035878564858,0.006891053007880887,56,85,115,52
2219,2219.0,1085,1179723.0,1085.3017479300827,0.007902797108524116,56,85,115,52
2220,2220.0,1085,1180808.0,1086.2999080036798,0.009747912939563556,56,85,115,52
2221,2221.0,1086,1181894.0,1087.2989880404784,0.011407146901499417,56,85,115,52
2222,2222.0,1088,1182980.0,1086.299357208448,0.013424270194256918,56,85,115,52
2223,2223.0,1087,1184066.0,1086.2990825688073,0.019260821348769358,56,85,115,52
2224,2224.0,1086,1185152.0,1087.2954128440367,0.025847716714153857,56,85,115,52
2225,2225.0,1086,1186238.0,1088.2917431192661,0.032898981397052995,56,85,115,52
2226,2226.0,1086,1187324.0,1089.2880733944953,0.038924675959332425,56,85,115,52
2227,2227.0,1086,1188410.0,1090.2844036697247,0.045072939800863555,56,85,115,52
2228,2228.0,1086,1189496.0,1091.2807339449541,0.050373242941187085,56,85,115,52
2229,2229.0,1086,1190582.0,1092.2770642201835,0.05513338137421722,56,85,115,52
2230,2230.0,1086,1191668.0,1093.2733944954127,0.059187484086102964,56,85,115,52
2231,2231.0,1088,1192754.0,1092.2655677655678,0.059800480511430436,56,85,115,52
2232,2232.0,1087,1193840.0,1092.259835315645,0.06753464347635646,56,85,115,52
2233,2233.0,1086,1194926.0,1093.2534309240623,0.0749996705935057,56,85,115,52
2234,2234.0,1086,1196012.0,1094.2470265324794,0.07909088221798824,56,85,115,52
2235,2235.0,1087,1197098.0,1094.2394881170019,0.0811858959065895,56,85,115,52
2236,2236.0,1086,1198184.0,1095.2321755027422,0.0837241274908734,56,85,115,52
2237,2237.0,1086,1199270.0,1096.2248628884827,0.07940630801337299,56,85,115,52
2238,2238.0,1085,1200331.0,1097.1946983546618,0.07922107900095886,56,84,115,52
2239,2239.0,1087,1201417.0,1097.1844748858448,0.08294225274659435,56,84,115,52
2240,2240.0,1087,1202504.0,1098.1771689497716,0.08402029596059259,56,84,115,52
2241,2241.0,1087,1203591.0,1099.1698630136987,0.08386012151777585,56,84,115,52
2242,2242.0,1087,1204678.0,1100.1625570776255,0.08577109282496385,56,84,115,52
2243,2243.0,1087,1205765.0,1101.1552511415525,0.08774350566484486,56,84,115,52
2244,2244.0,1087,1206852.0,1102.1479452054793,0.08742172532419781,56,84,115,52
2245,2245.0,1089,1207940.0,1102.1350364963503,0.08363947950805836,56,84,115,52
2246,2246.0,1088,1209028.0,1103.1277372262773,0.07831524799570672,56,84,115,52
2247,2247.0,1088,1210116.0,1104.1204379562043,0.07677705073289313,56,84,115,52
2248,2248.0,1089,1211205.0,1105.1140510948906,0.07407136892798899,56,84,115,52
2249,2249.0,1090,1212295.0,1106.1085766423357,0.0781193960927987,56,84,115,52
2250,2250.0,1090,1213385.0,1107.103102189781,0.07891067127938393,56,84,115,52
2251,2251.0,1090,1214475.0,1108.0976277372263,0.0802373647267249,56,84,115,52
2252,2252.0,1090,1215565.0,1109.0921532846714,0.08068108795176074,56,84,115,52
2253,2253.0,1090,1216655.0,1111.1004566210045,0.06458708129347379,56,84,115,52
2254,2254.0,1089,1217695.0,1112.0502283105022,0.0645326463983205,56,84,114,52
2255,2255.0,1090,1218785.0,1113.0456621004566,0.06065573916433506,56,84,115,52
2256,2256.0,1090,1219875.0,1114.041095890411,0.05971602505900316,56,84,115,52
2257,2257.0,1090,1220965.0,1115.0365296803652,0.05621690062459917,56,84,115,52
2258,2258.0,1090,1222055.0,1116.0319634703196,0.051062141497738786,56,84,115,52
2259,2259.0,1090,1223145.0,1117.027397260274,0.046923466408340844,56,84,115,52
2260,2260.0,1091,1224236.0,1118.0237442922376,0.04236154890280138,56,84,115,52
2261,2261.0,1092,1225327.0,1117.9990875912408,0.0387612708776326,56,84,115,52
2262,2262.0,1092,1226419.0,1120.0173515981735,0.01943163579872724,56,84,115,52
2263,2263.0,1092,1227511.0,1121.0146118721461,0.013539005334077921,56,84,115,52
2264,2264.0,1092,1228603.0,1122.0118721461188,0.00842363731795193,56,84,115,52
2265,2265.0,1093,1229696.0,1123.0100456621005,0.01061961720104645,57,84,115,52
2266,2266.0,1095,1230789.0,1121.9589790337284,0.011809274248927581,57,84,115,52
2267,2267.0,1093,1231882.0,1122.9553327256153,0.018818120643704198,57,84,115,52
2268,2268.0,1093,1232975.0,1123.9516864175023,0.025928416980278292,57,84,115,52
2269,2269.0,1094,1234068.0,1123.9234972677596,0.031314816103570904,57,84,115,52
2270,2270.0,1093,1235161.0,1124.9189435336975,0.035932610802719665,57,84,115,52
2271,2271.0,1093,1236254.0,1125.9143897996357,0.03777489077174537,57,84,115,52
2272,2272.0,1093,1237347.0,1126.9098360655737,0.041633350936290246,57,84,115,52
2273,2273.0,1094,1238441.0,1127.9061930783241,0.03522659275178775,57,84,115,52
2274,2274.0,1094,1239535.0,1128.9025500910748,0.03007659064764381,57,84,115,52
2275,2275.0,1094,1240629.0,1129.8989071038252,0.025568050694665317,57,84,115,52
2276,2276.0,1096,1241724.0,1129.8671519563238,0.025853688476913047,57,84,116,52
2277,2277.0,1097,1242820.0,1129.8363636363636,0.02953438541422726,57,84,115,52
2278,2278.0,1096,1243916.0,1130.8327272727272,0.03497402137061234,57,84,115,52
2279,2279.0,1096,1245012.0,1131.8290909090908,0.03426920437954064,57,84,115,52
2280,2280.0,1096,1246108.0,1132.8254545454545,0.030183572272881983,57,84,115,52
2281,2281.0,1097,1247205.0,1133.8227272727272,0.026773859444002478,57,84,116,52
2282,2282.0,1097,1248302.0,1134.82,0.025370671260856875,57,84,116,52
2283,2283.0,1097,1249399.0,1135.8172727272727,0.023016357992948978,57,84,116,52
2284,2284.0,1099,1250496.0,1134.7513611615245,0.025614630594326244,57,84,116,52
2285,2285.0,1098,1251594.0,1135.7477313974591,0.02875218325668654,57,84,116,52
2286,2286.0,1099,1252692.0,1135.713508612874,0.03470431066860654,57,84,116,52
2287,2287.0,1098,1253790.0,1136.7089755213055,0.038738435183544265,57,84,116,52
2288,2288.0,1099,1254888.0,1136.6739130434783,0.04122635064058305,57,84,116,52
2289,2289.0,1098,1255986.0,1137.6684782608695,0.04094605916224699,57,84,116,52
2290,2290.0,1098,1257084.0,1138.6630434782608,0.041061374102686655,57,84,116,52
2291,2291.0,1099,1258183.0,1139.6585144927535,0.04605242167903931,57,84,116,52
2292,2292.0,1101,1259283.0,1139.622624434389,0.04706730519373449,57,85,116,52
2293,2293.0,1101,1260383.0,1139.5867992766728,0.04467922518140402,57,85,116,52
2294,2294.0,1100,1261483.0,1140.5813743218807,0.04458418664089777,57,85,116,52
2295,2295.0,1102,1262584.0,1140.5456187895213,0.05098560495133088,57,86,116,52
2296,2296.0,1101,1263685.0,1141.5401987353207,0.05582708941602593,57,85,116,52
2297,2297.0,1101,1264786.0,1142.53477868112,0.06142695743987273,57,85,116,52
2298,2298.0,1101,1265887.0,1143.5293586269197,0.06580675553684219,57,85,116,52
2299,2299.0,1101,1266988.0,1144.523938572719,0.06709809247321519,57,85,116,52
2300,2300.0,1101,1268089.0,1145.5185185185185,0.06798853190733671,57,85,116,52
2301,2301.0,1103,1269191.0,1145.4792418772563,0.06762362129650398,57,85,116,52
2302,2302.0,1103,1270293.0,1145.4400360685302,0.06616424506649334,57,85,116,52
2303,2303.0,1102,1271395.0,1146.4337240757438,0.06288645816246688,57,85,116,52
2304,2304.0,1103,1272498.0,1147.4283137962127,0.05615588949102851,57,85,116,52
2305,2305.0,1103,1273601.0,1148.4229035166818,0.04951751569818841,57,85,116,52
2306,2306.0,1103,1274704.0,1149.4174932371507,0.042444856085761956,57,85,116,52
2307,2307.0,1103,1275807.0,1150.4120829576195,0.03646872323756397,57,85,116,52
2308,2308.0,1105,1276912.0,1151.4084761045988,0.03464258129099026,58,86,116,52
2309,2309.0,1105,1278017.0,1152.404869251578,0.031192105258921382,58,86,116,52
2310,2310.0,1107,1279124.0,1153.4030658250676,0.03261336760343289,58,86,116,52
2311,2311.0,1107,1280231.0,1154.4012623985573,0.03507171514633189,58,86,116,52
2312,2312.0,1107,1281338.0,1155.399458972047,0.03509659093514868,58,86,116,52
2313,2313.0,1107,1282445.0,1156.3976555455365,0.032935742274086244,58,86,116,52
2314,2314.0,1107,1283552.0,1157.3958521190261,0.028483005175431123,58,86,116,52
2315,2315.0,1107,1284659.0,1158.3940486925158,0.025295582292541238,58,86,116,52
2316,2316.0,1105,1285732.0,1159.3615870153292,0.026463821724858005,58,84,116,52
2317,2317.0,1105,1286837.0,1160.3579801623084,0.029012001865706773,58,84,116,52
2318,2318.0,1106,1287943.0,1161.3552750225429,0.03221563360011434,58,84,116,52
2319,2319.0,1106,1289049.0,1162.3525698827773,0.03479627574725909,58,84,116,52
2320,2320.0,1106,1290155.0,1163.3498647430117,0.037921469869619695,58,84,116,52
2321,2321.0,1106,1291261.0,1164.3471596032462,0.041053381348237404,58,84,116,52
2322,2322.0,1106,1292367.0,1165.3444544634806,0.04409888056780837,58,84,116,52
2323,2323.0,1106,1293473.0,1166.341749323715,0.04823723198399848,58,84,116,52
2324,2324.0,1107,1294579.0,1166.2873873873873,0.05170340770339559,58,84,116,52
2325,2325.0,1106,1295685.0,1167.2837837837837,0.05550532354186682,58,84,116,52
2326,2326.0,1106,1296791.0,1168.2801801801802,0.05903557832214393,58,84,116,52
2327,2327.0,1107,1297897.0,1168.2241224122413,0.06009299307616706,58,84,116,52
2328,2328.0,1106,1299003.0,1169.2196219621962,0.057767060592408374,58,84,116,52
2329,2329.0,1106,1300109.0,1170.2151215121512,0.05931417097606548,58,84,116,52
2330,2330.0,1106,1301215.0,1171.2106210621062,0.06012599723732659,58,84,116,52
2331,2331.0,1107,1302322.0,1173.263063063063,0.04783922385254481,58,84,116,52
2332,2332.0,1107,1303429.0,1174.2603603603604,0.04914931756780276,58,84,116,52
2333,2333.0,1107,1304536.0,1175.2576576576575,0.05029034767969201,58,84,116,52
2334,2334.0,1107,1305643.0,1176.2549549549549,0.04834556879339825,58,84,116,52
2335,2335.0,1108,1306750.0,1176.1926192619262,0.04614685006773808,58,84,116,52
2336,2336.0,1107,1307857.0,1177.1890189018902,0.04469170665883337,58,84,116,52
2337,2337.0,1108,1308964.0,1177.1258992805756,0.04440771192535219,58,84,116,52
2338,2338.0,1108,1310071.0,1177.062893081761,0.04568187259042338,58,84,116,52
2339,2339.0,1108,1311179.0,1178.058400718778,0.052337282476936496,58,84,116,52
2340,2340.0,1109,1312287.0,1177.995511669659,0.058670815819880345,58,84,116,52
2341,2341.0,1107,1313392.0,1178.9874326750448,0.07037567570529504,58,84,116,52
2342,2342.0,1108,1314499.0,1178.922869955157,0.07730249608079706,58,84,116,52
2343,2343.0,1107,1315606.0,1179.9156950672646,0.08310564397428698,58,84,116,52
2344,2344.0,1107,1316713.0,1180.908520179372,0.0811236940723269,58,84,116,52
2345,2345.0,1107,1317820.0,1181.9013452914799,0.08025073104436421,58,84,116,52
2346,2346.0,1108,1318928.0,1182.895067264574,0.07823284447971013,58,84,116,52
2347,2347.0,1109,1320037.0,1183.8896860986547,0.0791241414892422,58,84,116,52
2348,2348.0,1110,1321146.0,1183.8225806451612,0.07890915849585457,58,84,116,52
2349,2349.0,1109,1322255.0,1184.8163082437277,0.07638063817511677,58,84,116,52
2350,2350.0,1109,1323364.0,1185.810035842294,0.07321550160115531,58,84,116,52
2351,2351.0,1111,1324475.0,1186.8055555555557,0.07360091721816152,58,84,116,52
2352,2352.0,1112,1325586.0,1186.7376902417188,0.07454857098427531,58,84,116,52
2353,2353.0,1111,1326697.0,1187.7323187108325,0.07316688930793598,58,84,116,52
2354,2354.0,1112,1327808.0,1187.6636851520573,0.07308061600844445,58,84,116,52
2355,2355.0,1111,1328919.0,1188.6574239713775,0.07165196879334196,58,84,116,52
2356,2356.0,1111,1330030.0,1189.6511627906978,0.06771252376206359,58,84,116,52
2357,2357.0,1111,1331141.0,1190.644901610018,0.06279810294352636,58,84,116,52
2358,2358.0,1113,1332253.0,1190.5746201966042,0.05628781332665414,58,84,117,52
2359,2359.0,1112,1333365.0,1191.56836461126,0.05017425605996786,58,84,116,52
2360,2360.0,1112,1334477.0,1192.562109025916,0.04662362616073661,58,84,116,52
2361,2361.0,1114,1335590.0,1192.4910714285713,0.04796465143274592,58,84,116,52
2362,2362.0,1115,1336705.0,1193.486607142857,0.04990120764934926,58,84,117,52
2363,2363.0,1115,1337820.0,1194.482142857143,0.04529058458342716,58,84,117,52
2364,2364.0,1116,1338935.0,1194.4112399643175,0.04074958831584548,58,84,117,52
2365,2365.0,1115,1340050.0,1195.405887600357,0.03870605654831078,58,84,117,52
2366,2366.0,1116,1341165.0,1195.3342245989304,0.03800825309249205,58,84,117,52
2367,2367.0,1116,1342280.0,1195.2626892252895,0.043844613844999665,58,84,117,52
2368,2368.0,1117,1343397.0,1196.2573463935887,0.04979839995163385,59,84,117,52
2369,2369.0,1117,1344514.0,1197.2520035618877,0.05755073766751429,59,84,117,52
2370,2370.0,1117,1345631.0,1198.246660730187,0.05831454895209516,59,84,117,52
2371,2371.0,1117,1346748.0,1199.2413178984862,0.061185935001880465,59,84,117,52
2372,2372.0,1119,1347866.0,1199.1690391459074,0.0649875077696033,59,85,117,52
2373,2373.0,1118,1348984.0,1200.1637010676156,0.07157464444101411,59,84,117,52
2374,2374.0,1118,1350102.0,1201.158362989324,0.07404663042616613,59,84,117,52
2375,2375.0,1118,1351220.0,1203.2235084594836,0.060000061379206035,59,84,117,52
2376,2376.0,1118,1352338.0,1204.2190560997328,0.05366932274823612,59,84,117,52
2377,2377.0,1118,1353456.0,1205.2146037399823,0.0488063161183847,59,84,117,52
2378,2378.0,1118,1354574.0,1206.2101513802315,0.047743148244245345,59,84,117,52
2379,2379.0,1117,1355086.0,1205.5925266903914,0.05016005286571102,57,85,117,52
2380,2380.0,1114,1355598.0,1206.0480427046264,0.06253530778316695,55,84,117,52
2381,2381.0,1113,1356111.0,1206.5044483985764,0.07273445197775238,53,84,117,52
2382,2382.0,1111,1356623.0,1206.9599644128114,0.08167420994885083,51,84,117,52
2383,2383.0,1109,1357135.0,1207.4154804270463,0.09133029464551395,49,84,117,52
2384,2384.0,1108,1357645.0,1206.7955555555557,0.10451928434950987,47,84,117,52
2385,2385.0,1106,1358453.0,1207.5137777777777,0.12242905717904871,46,84,117,52
2386,2386.0,1105,1359026.0,1208.0231111111111,0.13885262520252153,44,84,117,52
2387,2387.0,1103,1359616.0,1208.5475555555556,0.1529853024567535,42,84,117,52
2388,2388.0,1102,1360534.0,1209.3635555555556,0.1657726038853444,41,84,117,52
2389,2389.0,1101,1361214.0,1209.968,0.17109564480835904,40,84,117,52
2390,2390.0,1101,1361936.0,1210.6097777777777,0.17371616651518565,39,84,117,52
2391,2391.0,1100,1362716.0,1211.303111111111,0.16838577540184108,38,84,117,52
2392,2392.0,1101,1363522.0,1212.0195555555556,0.16688022968902405,38,85,117,52
2393,2393.0,1102,1364329.0,1213.8158362989325,0.14360881971508704,39,85,117,52
2394,2394.0,1103,1365136.0,1213.4542222222221,0.1352567111622143,40,85,117,52
2395,2395.0,1103,1365944.0,1214.1724444444444,0.1257884367071156,41,85,117,52
2396,2396.0,1105,1367049.0,1215.1546666666666,0.11588425344733885,42,85,117,52
2397,2397.0,1107,1367860.0,1214.7957371225577,0.10844961262330283,44,86,117,52
2398,2398.0,1105,1368670.0,1215.5150976909413,0.10617236402175798,44,85,117,52
2399,2399.0,1109,1369483.0,1214.0806737588653,0.10628402361417481,46,85,117,52
2400,2400.0,1110,1370592.0,1213.9875996457042,0.110507529834779,47,85,117,52
2401,2401.0,1110,1371408.0,1214.710363153233,0.11395000455251462,49,85,117,52
2402,2402.0,1110,1372226.0,1215.4348981399469,0.11855991227239744,50,85,117,52
2403,2403.0,1110,1373043.0,1216.1585473870682,0.12480021654280843,51,85,117,52
2404,2404.0,1111,1373861.0,1215.8061946902656,0.12685558532731295,52,85,117,52
2405,2405.0,1110,1374679.0,1215.4544650751548,0.12944884586041008,52,85,117,52
2406,2406.0,1111,1375775.0,1215.3489399293287,0.12538514214790347,53,84,117,52
2407,2407.0,1110,1376593.0,1216.071554770318,0.12603533493016497,54,84,117,52
2408,2408.0,1110,1377411.0,1216.7941696113073,0.096929525976255,54,84,117,52
2409,2409.0,1113,1378232.0,1216.4448367166813,0.09358626243996555,55,84,117,52
2410,2410.0,1112,1379053.0,1217.1694616063548,0.09693874967476854,56,84,117,52
2411,2411.0,1112,1380165.0,1219.22703180212,0.08057880609081208,56,84,117,52
2412,2412.0,1113,1380985.0,1218.8746690203002,0.08965648798028973,56,84,117,52
2413,2413.0,1114,1381806.0,1219.5992939099735,0.08254896245045544,56,84,117,52
2414,2414.0,1112,1382627.0,1220.323918799647,0.09343983345390101,56,84,117,52
2415,2415.0,1114,1383449.0,1219.9726631393298,0.1033347886674208,56,84,117,52
2416,2416.0,1113,1384272.0,1220.6984126984128,0.10893792502085614,56,84,117,52
2417,2417.0,1112,1385093.0,1221.4223985890653,0.11659253098263464,56,84,117,52
2418,2418.0,1114,1386206.0,1221.326872246696,0.12202167859578246,56,84,117,52
2419,2419.0,1113,1387028.0,1222.051101321586,0.13019284239573756,56,84,117,52
2420,2420.0,1113,1387850.0,1222.7753303964757,0.14203731576268794,56,84,117,52
2421,2421.0,1114,1388964.0,1223.7568281938327,0.15147037038708241,56,84,117,52
2422,2422.0,1114,1389787.0,1224.4819383259912,0.15561479435850478,56,84,117,52
2423,2423.0,1115,1390611.0,1224.1294014084508,0.15290000500358242,56,84,117,52
2424,2424.0,1111,1391363.0,1224.7913732394366,0.15121034602968178,54,84,117,52
2425,2425.0,1109,1392115.0,1225.4533450704225,0.14909656444113487,52,84,117,52
2426,2426.0,1107,1392866.0,1226.1144366197184,0.13759369913618905,50,84,117,52
2427,2427.0,1104,1393615.0,1226.7737676056338,0.13555447088361827,48,84,117,52
2428,2428.0,1104,1394656.0,1227.6901408450703,0.12790920213456428,46,84,117,52
2429,2429.0,1104,1395407.0,1228.3512323943662,0.12639002612625616,44,84,117,52
2430,2430.0,1102,1396156.0,1229.0105633802816,0.14275154251035857,42,84,117,52
2431,2431.0,1100,1396937.0,1229.6980633802816,0.1566693335518102,41,84,117,52
2432,2432.0,1100,1397716.0,1229.3016710642041,0.16460290052134546,41,84,117,52
2433,2433.0,1099,1398465.0,1229.9604221635884,0.1770799081367697,39,84,117,52
2434,2434.0,1099,1399245.0,1230.6464379947229,0.1842208074394257,39,84,117,52
2435,2435.0,1100,1400028.0,1230.2530755711775,0.18255710294443248,38,84,117,52
2436,2436.0,1098,1400809.0,1230.9393673110721,0.18254210841297125,38,84,117,52
2437,2437.0,1100,1401880.0,1230.7989464442494,0.1714517768618519,38,84,117,52
2438,2438.0,1100,1402664.0,1231.4872695346796,0.1541233081693222,39,84,117,52
2439,2439.0,1100,1403478.0,1232.201931518876,0.14038423334505495,40,84,117,52
2440,2440.0,1103,1404552.0,1232.0631578947368,0.13383196507622624,42,84,117,52
2441,2441.0,1103,1405340.0,1232.7543859649122,0.12241204104002495,43,84,117,52
2442,2442.0,1104,1406127.0,1232.3637160385626,0.12240689545714883,44,84,117,52
2443,2443.0,1102,1406916.0,1233.0552147239264,0.12463620510501791,44,84,117,52
2444,2444.0,1104,1407707.0,1233.7484662576687,0.12503326518314878,46,84,117,52
2445,2445.0,1106,1408528.0,1234.4680105170903,0.12377955335140191,47,84,117,52
2446,2446.0,1107,1409323.0,1235.1647677475898,0.12912095056562026,49,84,117,52
2447,2447.0,1108,1410121.0,1235.8641542506573,0.13248387231230294,51,84,117,52
2448,2448.0,1109,1411204.0,1236.8133216476774,0.1358457166466215,52,84,117,52
2449,2449.0,1109,1412001.0,1237.5118317265556,0.13416924640019912,53,84,117,52
2450,2450.0,1107,1412797.0,1238.2094653812446,0.1345276778436586,53,84,117,52
2451,2451.0,1106,1411610.0,1237.1691498685364,0.13354304740550407,52,84,117,52
2452,2452.0,1103,1410512.0,1236.2068361086765,0.1368815048071622,50,84,117,52
2453,2453.0,1100,1409783.0,1235.5679228746712,0.13293323364465298,49,84,117,52
2454,2454.0,1100,1409654.0,1235.4548641542506,0.11822440463363047,48,84,117,52
2455,2455.0,1098,1409888.0,1235.6599474145487,0.12162579370991992,49,84,117,52
2456,2456.0,1096,1409839.0,1236.7008771929825,0.11488501140840253,49,84,117,52
2457,2457.0,1098,1409801.0,1235.5836985100789,0.10985674800016161,49,85,117,52
2458,2458.0,1097,1410876.0,1236.5258545135846,0.13085762114038374,49,84,117,52
2459,2459.0,1096,1411133.0,1236.7510955302366,0.1474362277116505,49,84,117,52
2460,2460.0,1096,1411428.0,1237.0096406660823,0.16778872091574362,49,84,117,52
2461,2461.0,1096,1411708.0,1237.2550394390885,0.18311576548832498,49,84,117,52
2462,2462.0,1096,1412086.0,1237.5863277826468,0.19405557258386938,49,84,117,52
2463,2463.0,1093,1412434.0,1237.8913234005258,0.20567461849390287,48,84,117,52
2464,2464.0,1094,1412795.0,1238.2077125328658,0.2203817556930441,46,84,117,52
2465,2465.0,1090,1413180.0,1238.5451358457494,0.22964777177166573,45,84,117,52
2466,2466.0,1089,1413573.0,1237.8047285464097,0.24415305188907852,43,84,117,52
2467,2467.0,1087,1414586.0,1238.6917688266199,0.25657394202648176,41,84,117,52
2468,2468.0,1086,1415034.0,1238.0,0.2811023358244354,40,84,117,52
2469,2469.0,1083,1415490.0,1238.3989501312335,0.30234437311245177,39,84,117,52
2470,2470.0,1081,1416059.0,1238.896762904637,0.3222277359761931,37,84,117,52
2471,2471.0,1080,1416618.0,1238.3024475524476,0.33290098412604885,35,84,117,52
2472,2472.0,1079,1417260.0,1238.8636363636363,0.3459420639238953,35,84,117,52
2473,2473.0,1081,1418297.0,1238.6873362445415,0.3563668074394364,36,84,117,52
2474,2474.0,1079,1418952.0,1239.2593886462882,0.359092473492765,35,84,117,52
2475,2475.0,1078,1419668.0,1239.8847161572053,0.3552207849221121,36,84,117,52
2476,2476.0,1079,1420390.0,1240.5152838427948,0.3502259896422214,36,84,117,52
2477,2477.0,1080,1421132.0,1240.0802792321117,0.33699931960117274,36,84,117,52
2478,2478.0,1086,1421900.0,1240.7504363001744,0.3263913254905174,38,84,117,52
2479,2479.0,1084,1422942.0,1241.6596858638743,0.2947525293156263,38,84,117,52
2480,2480.0,1087,1423768.0,1242.3804537521814,0.28274580381019915,39,84,117,52
2481,2481.0,1090,1424606.0,1240.945993031359,0.27854061167733724,40,84,117,52
2482,2482.0,1090,1425658.0,1241.862369337979,0.27705981839567856,43,84,117,52
2483,2483.0,1091,1426506.0,1243.684394071491,0.25101074607632057,42,84,117,52
2484,2484.0,1093,1427446.0,1245.589877835951,0.237462850264042,44,84,117,52
2485,2485.0,1092,1428375.0,1246.4005235602094,0.23823613369587593,45,84,117,52
2486,2486.0,1092,1429327.0,1247.2312390924956,0.2160551584880351,46,85,117,52
2487,2487.0,1091,1430322.0,1248.0994764397906,0.21039799206953183,46,84,117,52
2488,2488.0,1092,1431317.0,1248.9677137870856,0.19546806435981193,47,84,117,52
2489,2489.0,1093,1432344.0,1250.955458515284,0.1805075117473542,48,84,117,52
2490,2490.0,1094,1433402.0,1251.8794759825328,0.17815179986609797,49,84,117,52
2491,2491.0,1096,1434498.0,1252.8366812227075,0.17486436816764606,49,84,117,52
2492,2492.0,1096,1435558.0,1254.8583916083917,0.15571821388306678,50,84,117,52
2493,2493.0,1098,1436621.0,1255.7875874125873,0.16278459814669308,50,84,117,52
2494,2494.0,1101,1437687.0,1256.7194055944055,0.16260086497348267,51,84,117,52
2495,2495.0,1101,1438753.0,1258.7515310586177,0.14690317001954747,52,84,117,52
2496,2496.0,1101,1439820.0,1259.6850393700788,0.1409213313072801,52,84,117,52
2497,2497.0,1104,1440924.0,1261.754816112084,0.11363654136704122,52,84,117,52
2498,2498.0,1104,1441994.0,1261.5870516185478,0.10282424609011459,52,84,117,52
2499,2499.0,1103,1443067.0,1262.5258092738409,0.0953110758711683,52,84,117,52
2500,2500.0,1103,1444137.0,1263.4619422572177,0.0870325945237415,52,84,117,52
2501,2501.0,1107,1445229.0,1263.312062937063,0.08042407887812286,52,85,117,52
2502,2502.0,1108,1446316.0,1263.15807860262,0.07996362674545104,52,85,117,52
2503,2503.0,1106,1447403.0,1263.004363001745,0.08058921601310066,52,85,117,52
2504,2504.0,1107,1448494.0,1263.956369982548,0.0828401281203107,52,85,117,52
2505,2505.0,1108,1449581.0,1263.8020924149957,0.08585932503560115,53,84,117,52
2506,2506.0,1109,1450674.0,1264.7550130775937,0.0951519751205569,53,84,117,52
2507,2507.0,1109,1451767.0,1265.7079337401917,0.09568406962096221,53,84,117,52
2508,2508.0,1112,1452879.0,1266.6774193548388,0.0949843266240561,53,84,117,52
2509,2509.0,1114,1453977.0,1267.6346992153444,0.09502642736493927,53,84,117,52
2510,2510.0,1116,1455075.0,1267.4869337979094,0.09589551122114891,53,84,117,52
2511,2511.0,1119,1456193.0,1267.3568320278503,0.0932648917298199,53,84,117,52
2512,2512.0,1118,1457294.0,1268.3150565709313,0.09139519438765148,53,84,117,52
2513,2513.0,1118,1458394.0,1269.272410791993,0.08315763657574957,53,84,117,52
2514,2514.0,1117,1459494.0,1270.229765013055,0.07933906476898489,53,84,117,52
2515,2515.0,1120,1460614.0,1271.2045256744996,0.07456380926888657,53,84,117,52
2516,2516.0,1121,1461719.0,1272.1662315056572,0.06620066362686172,53,84,117,52
2517,2517.0,1126,1462828.0,1272.024347826087,0.06155636549863835,53,84,117,52
2518,2518.0,1127,1463940.0,1271.8853171155517,0.05626141505281582,53,84,117,52
2519,2519.0,1126,1465052.0,1272.8514335360555,0.05859611687586686,53,84,117,52
2520,2520.0,1128,1466165.0,1272.712673611111,0.05824355544991157,53,84,117,52
2521,2521.0,1128,1467279.0,1273.6796875,0.059607294781422474,53,84,117,52
2522,2522.0,1128,1468392.0,1274.6458333333333,0.0641344525460862,53,84,117,52
2523,2523.0,1128,1469507.0,1275.6137152777778,0.0670706235051384,53,84,117,52
2524,2524.0,1129,1470636.0,1276.59375,0.06581026801054894,53,84,117,52
2525,2525.0,1130,1471751.0,1277.5616319444443,0.05918540631369646,53,84,117,52
2526,2526.0,1132,1472867.0,1278.5303819444443,0.05630760013153356,53,84,117,52
2527,2527.0,1130,1473980.0,1279.4965277777778,0.054945232291177884,53,84,117,52
2528,2528.0,1131,1475097.0,1280.4661458333333,0.05172615188236902,53,84,117,52
2529,2529.0,1132,1476217.0,1281.4383680555557,0.05151518300259355,53,84,117,52
2530,2530.0,1132,1477336.0,1282.4097222222222,0.05266366645481249,53,84,117,52
2531,2531.0,1134,1478457.0,1282.2697311361665,0.05352758414734854,53,84,117,52
2532,2532.0,1135,1479580.0,1284.357638888889,0.04196209345642752,53,84,117,52
2533,2533.0,1135,1480704.0,1284.2185602775369,0.04519129451524047,53,84,117,52
2534,2534.0,1133,1481826.0,1285.191673894189,0.048154532070421155,53,84,117,52
2535,2535.0,1134,1482960.0,1286.175195143105,0.04979677300089647,53,84,117,52
2536,2536.0,1134,1484085.0,1287.1509106678232,0.049764324805058685,53,84,117,52
2537,2537.0,1134,1485210.0,1288.1266261925412,0.049886387324669275,53,84,117,52
2538,2538.0,1133,1486333.0,1289.100607111882,0.04950946080807083,53,84,117,52
2539,2539.0,1134,1487467.0,1290.0841283607979,0.04874695112875256,53,84,117,52
2540,2540.0,1134,1488592.0,1291.059843885516,0.04545121490921723,54,84,117,52
2541,2541.0,1136,1489717.0,1289.7982683982684,0.04711770523140148,54,85,117,52
2542,2542.0,1135,1490852.0,1290.7809523809524,0.05483446788958505,54,84,117,52
2543,2543.0,1136,1491986.0,1290.6453287197232,0.059339432272134764,54,84,117,52
2544,2544.0,1136,1493122.0,1291.6280276816608,0.06258038438533667,54,84,117,52
2545,2545.0,1137,1494259.0,1292.6115916955018,0.06614557950386482,54,84,117,52
2546,2546.0,1137,1495396.0,1293.5951557093426,0.06601885058738372,54,84,117,52
2547,2547.0,1138,1496534.0,1294.5795847750865,0.06973446246247318,54,84,117,52
2548,2548.0,1140,1497673.0,1294.4451166810718,0.06420533991970939,54,84,117,52
2549,2549.0,1140,1498813.0,1295.4304235090751,0.06650257596876466,54,84,117,52
2550,2550.0,1140,1499953.0,1296.4157303370787,0.07015890833726933,54,84,117,52
2551,2551.0,1141,1501093.0,1296.2806563039724,0.06751483250839772,54,84,117,52
2552,2552.0,1141,1502234.0,1297.26597582038,0.06208986934173173,54,84,117,52
2553,2553.0,1143,1503376.0,1297.1320103537532,0.05603260216135495,54,85,117,52
2554,2554.0,1143,1504519.0,1298.1182053494392,0.04714858287749254,54,85,117,52
2555,2555.0,1144,1505663.0,1299.1052631578948,0.04096238444707557,54,85,117,52
2556,2556.0,1146,1506808.0,1298.9724137931034,0.03513883228518705,54,85,117,52
2557,2557.0,1146,1507954.0,1299.9603448275861,0.026585787710295704,54,85,117,52
2558,2558.0,1148,1509102.0,1300.95,0.02312903434512905,54,85,117,52
2559,2559.0,1150,1510243.0,1299.6927710843374,0.021988580203333847,54,84,117,52
2560,2560.0,1149,1511391.0,1299.5623387790197,0.02408266870886367,54,84,117,52
2561,2561.0,1148,1512539.0,1300.5494411006018,0.025744156543318002,54,84,117,52
2562,2562.0,1151,1513690.0,1301.5391229578677,0.0316300376411044,55,84,117,52
2563,2563.0,1151,1514841.0,1302.5288048151333,0.0388194244214701,55,84,117,52
2564,2564.0,1152,1515993.0,1303.519346517627,0.04331732624874633,55,84,117,52
2565,2565.0,1154,1517146.0,1303.390034364261,0.04584749006651745,55,84,117,52
2566,2566.0,1154,1518300.0,1304.381443298969,0.052989126831131564,55,84,117,52
2567,2567.0,1155,1519455.0,1305.3737113402062,0.06089652273871235,55,84,117,52
2568,2568.0,1154,1520418.0,1305.0798283261802,0.07021999574671225,53,84,117,52
2569,2569.0,1152,1521382.0,1305.907296137339,0.07786072120333008,51,84,117,52
2570,2570.0,1151,1522346.0,1306.7347639484979,0.08819739656084151,49,84,117,52
2571,2571.0,1150,1523310.0,1307.5622317596567,0.09551073525621842,47,84,117,52
2572,2572.0,1148,1524273.0,1307.2667238421955,0.10725382652027549,45,84,117,52
2573,2573.0,1146,1525237.0,1308.0934819897084,0.12435690525586122,43,84,117,52
2574,2574.0,1144,1526201.0,1308.9202401372213,0.14217611089968799,41,84,117,52
2575,2575.0,1143,1527219.0,1309.7933104631218,0.15825348987626886,40,84,117,52
2576,2576.0,1141,1528256.0,1310.6826758147513,0.16284908815462235,38,84,117,52
2577,2577.0,1141,1529305.0,1310.458440445587,0.1609940096693464,36,85,117,52
2578,2578.0,1141,1530446.0,1311.4361610968294,0.15635478179324183,37,84,117,52
2579,2579.0,1142,1531498.0,1312.337617823479,0.15211397651216013,37,84,117,52
2580,2580.0,1144,1532551.0,1312.1155821917807,0.1470082374031083,37,85,117,52
2581,2581.0,1145,1533606.0,1311.8956372968348,0.14512630014448122,38,84,117,52
2582,2582.0,1144,1534662.0,1312.7989734816083,0.14461415300913863,37,84,117,52
2583,2583.0,1146,1535808.0,1313.7792985457656,0.14880847246692416,39,84,117,52
2584,2584.0,1146,1536864.0,1314.682634730539,0.15088772000983086,40,84,117,52
2585,2585.0,1145,1537920.0,1315.5859709153121,0.14503820155255523,40,84,117,52
2586,2586.0,1147,1538978.0,1316.491017964072,0.14003730548370774,42,84,117,52
2587,2587.0,1148,1540039.0,1317.398631308811,0.13486356544975386,43,84,117,52
2588,2588.0,1149,1541100.0,1317.179487179487,0.13186875357000163,44,85,117,52
2589,2589.0,1149,1542163.0,1318.0880341880343,0.1327594999983651,46,84,117,52
2590,2590.0,1149,1543225.0,1317.869342442357,0.1284968369855823,46,84,117,52
2591,2591.0,1149,1544374.0,1318.8505550811271,0.12618550391425307,47,84,117,52
2592,2592.0,1149,1545437.0,1319.7583262169087,0.12339622654906728,48,84,117,52
2593,2593.0,1149,1546501.0,1320.666951323655,0.1212025108904466,48,84,117,52
2594,2594.0,1150,1547565.0,1320.4479522184301,0.12583263172870737,49,84,117,52
2595,2595.0,1151,1548630.0,1320.230179028133,0.13871223259246065,50,84,117,52
2596,2596.0,1150,1549697.0,1321.1398124467178,0.1456118770131059,51,84,117,52
2597,2597.0,1149,1550764.0,1323.1774744027305,0.13832243550815926,51,84,117,52
2598,2598.0,1149,1551831.0,1324.0878839590443,0.1470482108346239,52,84,117,52
2599,2599.0,1149,1552898.0,1326.129803586678,0.1281466805081416,53,84,117,52
2600,2600.0,1149,1553964.0,1327.0401366353544,0.13037299397905927,53,84,117,52
2601,2601.0,1150,1555114.0,1329.157264957265,0.11640676242737501,53,84,117,52
2602,2602.0,1151,1556180.0,1328.932536293766,0.12128683865138336,53,85,117,52
2603,2603.0,1150,1557247.0,1328.7090443686006,0.12117630632598306,53,85,117,52
2604,2604.0,1149,1558314.0,1329.6194539249148,0.1270695374757758,53,85,117,52
2605,2605.0,1148,1559355.0,1331.6438941076003,0.11134423818972797,53,85,117,52
2606,2606.0,1148,1560422.0,1332.5550811272417,0.10811258361170857,53,85,117,52
2607,2607.0,1147,1561490.0,1333.467122117848,0.10623988922922951,53,85,117,52
2608,2608.0,1149,1562639.0,1334.4483347566184,0.10027257601397506,53,85,117,52
2609,2609.0,1149,1563708.0,1335.3612297181896,0.09523349320090921,53,85,117,52
2610,2610.0,1149,1564777.0,1336.274124679761,0.09123020594367903,53,85,117,52
2611,2611.0,1150,1565846.0,1337.1870196413322,0.08674378051082458,54,85,117,52
2612,2612.0,1150,1566916.0,1338.1007685738684,0.08234565700160897,54,85,117,52
2613,2613.0,1151,1567985.0,1337.8711604095563,0.07221686123769955,54,85,117,52
2614,2614.0,1150,1569135.0,1338.8523890784984,0.07058112125283614,54,85,117,52
2615,2615.0,1150,1570205.0,1339.7653583617748,0.07223722901198132,54,85,117,52
2616,2616.0,1154,1571357.0,1338.4642248722316,0.06882180173682902,54,85,117,52
2617,2617.0,1153,1572429.0,1339.3773424190802,0.06912509787925011,54,86,117,52
2618,2618.0,1152,1573500.0,1340.289608177172,0.06719918378552531,54,86,117,52
2619,2619.0,1150,1574551.0,1341.1848381601362,0.07207411091382974,54,84,117,52
2620,2620.0,1150,1575622.0,1342.0971039182282,0.07971258579378435,54,84,117,52
2621,2621.0,1150,1576694.0,1343.0102214650767,0.08488637943531141,54,84,117,52
2622,2622.0,1150,1577766.0,1343.923339011925,0.08597485107506231,54,84,117,52
2623,2623.0,1152,1578918.0,1344.9045996592845,0.09503667185734056,54,84,117,52
2624,2624.0,1152,1579989.0,1344.671489361702,0.09983426232204123,54,84,117,52
2625,2625.0,1152,1581062.0,1344.4404761904761,0.10386923343619156,54,84,117,52
2626,2626.0,1151,1582135.0,1345.3528911564626,0.10625432175633356,54,84,117,52
2627,2627.0,1151,1583206.0,1345.1197960917586,0.10702869378820519,54,84,117,52
2628,2628.0,1152,1584282.0,1346.033984706882,0.11095564163354836,54,84,117,52
2629,2629.0,1152,1585357.0,1346.947323704333,0.11340281914380507,54,84,117,52
2630,2630.0,1153,1586509.0,1347.9260832625318,0.1177134020267317,54,84,117,52
2631,2631.0,1152,1587660.0,1348.9039932030587,0.12199236575253554,54,84,117,52
2632,2632.0,1153,1588736.0,1349.8181818181818,0.12232046962346615,54,84,117,52
2633,2633.0,1153,1589811.0,1351.8801020408164,0.11319608468305956,55,84,117,52
2634,2634.0,1153,1590888.0,1352.795918367347,0.11234262373596254,55,84,117,52
2635,2635.0,1154,1591965.0,1352.5615972812234,0.11023502635672917,55,84,117,52
2636,2636.0,1152,1593043.0,1354.6284013605443,0.09412697673711418,55,84,117,52
2637,2637.0,1153,1594196.0,1355.608843537415,0.08805725000231766,55,84,117,52
2638,2638.0,1154,1595273.0,1356.5246598639455,0.06252327277445664,55,84,117,52
2639,2639.0,1154,1596427.0,1357.5059523809523,0.05888601240558431,55,84,117,52
2640,2640.0,1153,1597504.0,1358.421768707483,0.05479245759376365,55,84,117,52
2641,2641.0,1156,1598584.0,1359.3401360544217,0.054886543115000165,55,84,117,52
2642,2642.0,1155,1599660.0,1359.0994052676297,0.06230853807627435,55,84,117,52
2643,2643.0,1155,1600814.0,1360.0798640611724,0.06272337214943613,55,84,117,52
2644,2644.0,1156,1601893.0,1360.9966015293119,0.06052536476277536,55,84,117,52
2645,2645.0,1158,1602974.0,1360.7589134125637,0.059832286935011095,55,84,117,52
2646,2646.0,1157,1603981.0,1360.4588634435963,0.0628672024841497,55,84,117,52
2647,2647.0,1156,1605134.0,1360.2830508474576,0.07091362657829141,55,84,117,52
2648,2648.0,1156,1606290.0,1361.2627118644068,0.07818192202036926,55,84,117,52
2649,2649.0,1154,1607303.0,1362.121186440678,0.08543156412050816,53,84,117,52
2650,2650.0,1152,1608316.0,1362.9796610169492,0.09513924921749142,51,84,117,52
2651,2651.0,1152,1609330.0,1363.8389830508474,0.10297163896498629,49,84,117,52
2652,2652.0,1151,1610344.0,1364.6983050847457,0.11897133260504007,47,84,117,52
2653,2653.0,1150,1611360.0,1365.5593220338983,0.13387270801603482,45,84,117,52
2654,2654.0,1149,1612376.0,1366.420338983051,0.14376665972257432,43,84,117,52
2655,2655.0,1148,1613392.0,1367.2813559322035,0.15058087635763615,41,84,117,52
2656,2656.0,1148,1614429.0,1367.0016934801017,0.1511464565077156,39,84,117,52
2657,2657.0,1146,1615485.0,1366.738578680203,0.14321004019351746,37,84,117,52
2658,2658.0,1146,1616567.0,1367.6539763113367,0.129323880895341,36,85,117,52
2659,2659.0,1151,1617654.0,1368.5736040609138,0.11803960485203668,37,85,117,53
2660,2660.0,1151,1618740.0,1369.492385786802,0.11924277819402852,36,85,117,53
2661,2661.0,1153,1619829.0,1369.25528317836,0.11706632494824333,36,85,117,53
2662,2662.0,1155,1620918.0,1369.018581081081,0.11531848073501964,37,85,117,53
2663,2663.0,1156,1622009.0,1368.7839662447257,0.10902691929850687,38,85,117,53
2664,2664.0,1157,1623160.0,1369.7552742616033,0.11458902157219121,39,84,117,53
2665,2665.0,1159,1624253.0,1369.5219224283305,0.11865946776670896,41,84,117,53
2666,2666.0,1160,1625351.0,1370.447723440135,0.12435961454967497,42,84,117,53
2667,2667.0,1160,1626449.0,1371.3735244519394,0.12225340278185103,43,84,117,53
2668,2668.0,1161,1627546.0,1372.2984822934234,0.12390248745113172,45,84,117,53
2669,2669.0,1161,1628645.0,1373.225126475548,0.1290088884315406,45,84,117,53
2670,2670.0,1163,1629808.0,1374.2057335581787,0.13126918412433367,45,84,117,53
2671,2671.0,1163,1630908.0,1375.133220910624,0.13761226321569356,46,84,117,53
2672,2672.0,1164,1632009.0,1376.0615514333895,0.13791758960655662,47,84,117,53
2673,2673.0,1164,1633110.0,1376.9898819561552,0.1406260201630691,48,84,117,53
2674,2674.0,1164,1634213.0,1379.082700421941,0.12303476219571115,48,84,117,53
2675,2675.0,1165,1635319.0,1380.0160337552743,0.12428017258745302,49,84,117,53
2676,2676.0,1166,1636425.0,1379.7849915682968,0.12150386707981714,50,84,117,53
2677,2677.0,1163,1637529.0,1380.7158516020236,0.12077687458180647,49,84,117,53
2678,2678.0,1166,1638695.0,1381.6989881956156,0.12110685584555413,51,84,117,53
2679,2679.0,1166,1639859.0,1381.5155855096882,0.1193260498699228,51,84,117,53
2680,2680.0,1166,1640965.0,1382.447346251053,0.12068382760371887,52,84,117,53
2681,2681.0,1166,1642131.0,1383.429654591407,0.11714077325587337,52,84,117,53
2682,2682.0,1167,1643236.0,1384.3605728727885,0.10803333832584151,52,84,117,53
2683,2683.0,1168,1644342.0,1385.2923336141532,0.09839121654175559,52,84,117,53
2684,2684.0,1167,1645450.0,1387.3946037099495,0.08426254163568879,52,84,117,53
2685,2685.0,1166,1646555.0,1390.6714527027027,0.057881711708614635,52,84,117,53
2686,2686.0,1167,1647663.0,1390.432911392405,0.06115735858765969,52,84,117,53
2687,2687.0,1167,1648770.0,1390.193929173693,0.0624464644954502,52,84,117,53
2688,2688.0,1167,1649848.0,1389.9309182813815,0.06767301378073888,52,84,117,52
2689,2689.0,1167,1651014.0,1389.7424242424242,0.07460499088779607,52,84,117,52
2690,2690.0,1167,1652123.0,1390.6759259259259,0.08156738539019943,52,84,117,52
2691,2691.0,1166,1653231.0,1391.608585858586,0.09028400221881347,52,84,117,52
2692,2692.0,1168,1654340.0,1391.3708999158957,0.09659071794800217,52,84,117,52
2693,2693.0,1167,1655449.0,1392.3036164844407,0.1049235678924395,52,84,117,52
2694,2694.0,1167,1656559.0,1393.2371740958788,0.11520366412087532,52,84,117,52
2695,2695.0,1165,1657666.0,1394.1682085786374,0.11917647176999126,52,84,117,52
2696,2696.0,1166,1658832.0,1395.1488645920942,0.12081418575481655,52,84,117,52
2697,2697.0,1166,1659942.0,1396.0824222035324,0.1217655251025437,52,84,117,52
2698,2698.0,1167,1661054.0,1398.1936026936028,0.09961642336264381,52,84,117,52
2699,2699.0,1166,1662165.0,1399.128787878788,0.09811279099954127,52,84,117,52
2700,2700.0,1167,1663275.0,1400.0631313131314,0.08598325517027064,52,84,117,52
2701,2701.0,1168,1664385.0,1399.8191757779646,0.06874860536788806,52,84,117,52
2702,2702.0,1169,1665553.0,1399.6243697478992,0.06562924883777721,52,84,117,52
2703,2703.0,1169,1666665.0,1400.5588235294117,0.0561891352283399,52,84,117,52
2704,2704.0,1169,1667778.0,1401.4941176470588,0.048715246467504705,52,84,117,52
2705,2705.0,1168,1668892.0,1402.4302521008403,0.04073051331698597,52,84,117,52
2706,2706.0,1171,1670008.0,1402.189756507137,0.034122119015321944,52,84,117,52
2707,2707.0,1171,1671125.0,1403.127623845508,0.03609271035257349,52,84,117,52
2708,2708.0,1171,1672242.0,1404.0654911838792,0.04074115771287683,52,84,117,52
2709,2709.0,1173,1673415.0,1405.0503778337531,0.04158817219939898,52,84,117,52
2710,2710.0,1173,1674533.0,1405.9890848026869,0.03963116950469,52,84,117,52
2711,2711.0,1174,1675652.0,1406.928631402183,0.04135522467816838,52,84,117,52
2712,2712.0,1173,1676770.0,1407.8673383711166,0.040509159939467645,52,84,117,52
2713,2713.0,1173,1677891.0,1408.808564231738,0.04293097302938115,52,84,117,52
2714,2714.0,1173,1679013.0,1409.750629722922,0.0408151014777355,52,84,117,52
2715,2715.0,1174,1680135.0,1409.5092281879195,0.03739348279434087,52,84,117,52
2716,2716.0,1173,1681255.0,1410.4488255033557,0.03470344545474676,52,84,117,52
2717,2717.0,1171,1682372.0,1411.3859060402685,0.03717189900676522,52,84,117,52
2718,2718.0,1174,1683543.0,1411.184409052808,0.038192417428405456,52,84,117,52
2719,2719.0,1172,1684663.0,1412.1232187761946,0.04521593888834003,52,84,117,52
2720,2720.0,1172,1685784.0,1413.0628667225483,0.04837246005013909,52,84,117,52
2721,2721.0,1175,1686959.0,1414.0477787091365,0.049328022862121276,52,84,117,52
2722,2722.0,1172,1688075.0,1414.9832355406538,0.05253750529156117,52,84,117,52
2723,2723.0,1173,1689195.0,1415.9220452640402,0.055170662396741565,52,84,117,52
2724,2724.0,1171,1690313.0,1416.859178541492,0.05731943138188843,52,84,117,52
2725,2725.0,1171,1691433.0,1417.7979882648785,0.06124689661537974,52,84,117,52
2726,2726.0,1172,1692554.0,1418.7376362112323,0.060482265535196776,52,84,117,52
2727,2727.0,1173,1693725.0,1418.5301507537688,0.06182115021349201,52,84,117,52
2728,2728.0,1175,1694900.0,1419.5142378559465,0.06300993866380794,52,84,117,52
2729,2729.0,1175,1696074.0,1420.497487437186,0.06444768179760443,52,84,117,52
2730,2730.0,1175,1697248.0,1421.4807370184255,0.0598926454937142,52,84,117,52
2731,2731.0,1176,1698423.0,1422.464824120603,0.05520908731562556,52,84,117,52
2732,2732.0,1178,1699601.0,1423.4514237855947,0.05226657018403887,52,84,117,52
2733,2733.0,1178,1700753.0,1424.4162479061977,0.05375227911856137,52,84,117,52
2734,2734.0,1177,1701928.0,1425.4003350083751,0.05589251994614234,52,84,117,52
2735,2735.0,1180,1703107.0,1425.1941422594143,0.059526886691690345,52,84,117,52
2736,2736.0,1180,1704283.0,1427.3726968174205,0.0363913120879713,52,84,117,52
2737,2737.0,1180,1705461.0,1428.359296482412,0.042593234447707025,52,84,117,52
2738,2738.0,1181,1706639.0,1428.149790794979,0.04642158173779714,52,84,117,52
2739,2739.0,1181,1707820.0,1429.1380753138076,0.04592425238364733,52,84,117,52
2740,2740.0,1183,1708998.0,1427.734335839599,0.04569027648566556,52,84,117,52
2741,2741.0,1181,1710178.0,1428.720133667502,0.04496132338275893,52,84,117,52
2742,2742.0,1185,1711362.0,1428.5158597662771,0.04219685299770911,52,84,117,52
2743,2743.0,1183,1712544.0,1429.5025041736228,0.0384033214760008,52,84,117,52
2744,2744.0,1185,1713729.0,1430.491652754591,0.03590727598868366,52,84,117,52
2745,2745.0,1186,1714915.0,1431.4816360601,0.032878013814333834,52,84,117,52
2746,2746.0,1188,1716102.0,1431.277731442869,0.03664100340855253,52,84,117,52
2747,2747.0,1188,1717290.0,1432.2685571309426,0.035511638090742405,53,84,117,52
2748,2748.0,1189,1718479.0,1433.2602168473727,0.04119471649618845,53,84,117,52
2749,2749.0,1191,1719670.0,1434.253544620517,0.04112957276649427,53,84,117,52
2750,2750.0,1191,1720859.0,1434.0491666666667,0.036079275160611796,53,84,117,52
2751,2751.0,1192,1722051.0,1435.0425,0.03381032713936006,53,84,117,52
2752,2752.0,1192,1723243.0,1436.0358333333334,0.033939703540590185,53,84,117,52
2753,2753.0,1192,1724435.0,1437.0291666666667,0.034624369430243426,53,84,117,52
2754,2754.0,1194,1725629.0,1438.0241666666666,0.03678914523674757,53,84,117,52
2755,2755.0,1196,1726824.0,1437.8218151540384,0.03457660903043756,53,84,117,52
2756,2756.0,1197,1728021.0,1438.8184845961698,0.031883707545047636,53,84,117,52
2757,2757.0,1197,1729218.0,1439.8151540383014,0.028107611177458275,53,84,117,52
2758,2758.0,1198,1730416.0,1440.8126561199,0.026841099363669144,53,84,117,52
2759,2759.0,1198,1731614.0,1441.8101582014988,0.0265690688270507,53,84,117,52
2760,2760.0,1198,1732812.0,1442.8076602830974,0.021597159291773804,53,84,117,52
2761,2761.0,1198,1734010.0,1443.8051623646961,0.019846973752653728,53,84,117,52
2762,2762.0,1198,1735208.0,1444.8026644462948,0.018332930746882456,53,84,117,52
2763,2763.0,1199,1736407.0,1445.8009991673605,0.011786235456425303,54,84,117,52
2764,2764.0,1200,1737607.0,1446.8001665278935,0.012151752285660532,54,84,117,52
2765,2765.0,1200,1738807.0,1447.7993338884264,0.008380798860148602,54,84,117,52
2766,2766.0,1200,1740007.0,1448.7985012489592,0.004940860722643268,54,84,117,52
2767,2767.0,1201,1741207.0,1448.5915141430949,0.0011915936442623068,54,84,117,52
2768,2768.0,1201,1742407.0,1448.3848711554447,0.001907109490780768,54,85,117,52
2769,2769.0,1201,1743608.0,1449.383208645054,0.004121712938609443,54,84,117,52
2770,2770.0,1201,1744809.0,1450.3815461346633,0.007233623452317652,54,84,117,52
2771,2771.0,1201,1746010.0,1451.3798836242727,0.006926014392852833,54,84,117,52
2772,2772.0,1201,1747211.0,1452.3782211138819,0.007164226901610402,54,84,117,52
2773,2773.0,1203,1748413.0,1452.170265780731,0.00831070748181186,54,85,117,52
2774,2774.0,1203,1749615.0,1451.9626556016597,0.011455337770804182,54,84,117,52
2775,2775.0,1203,1750817.0,1451.7553897180762,0.014901177984082189,54,84,117,53
2776,2776.0,1202,1752019.0,1452.752072968491,0.019251517058969294,54,84,117,52
2777,2777.0,1202,1753221.0,1453.7487562189056,0.024664299723149326,54,84,117,52
2778,2778.0,1203,1754423.0,1453.5401822700912,0.029714660511828396,54,84,117,52
2779,2779.0,1203,1755625.0,1453.3319536423842,0.03427270189213386,54,84,117,52
2780,2780.0,1203,1756827.0,1453.1240694789083,0.04243647521263587,54,84,117,52
2781,2781.0,1202,1758029.0,1454.1182795698924,0.05084287012048003,54,84,117,52
2782,2782.0,1202,1759231.0,1455.1124896608767,0.05925110939706257,54,84,117,52
2783,2783.0,1202,1760433.0,1456.106699751861,0.06696599443030474,54,84,117,52
2784,2784.0,1202,1761635.0,1457.1009098428453,0.07130491627846158,54,84,117,52
2785,2785.0,1202,1762837.0,1458.0951199338297,0.0759555451585292,54,84,117,52
2786,2786.0,1202,1764039.0,1459.089330024814,0.0800602642478107,54,84,117,52
2787,2787.0,1202,1765241.0,1460.083540115798,0.08527940496308661,54,84,117,52
2788,2788.0,1203,1766444.0,1461.078577336642,0.08274559806517587,54,84,117,53
2789,2789.0,1204,1767647.0,1460.8652892561984,0.0881283826917773,54,84,117,53
2790,2790.0,1203,1768850.0,1461.8595041322315,0.09373807412890028,54,84,117,53
2791,2791.0,1203,1770053.0,1462.8537190082645,0.09047238938475717,54,84,117,53
2792,2792.0,1203,1771256.0,1463.8479338842976,0.09052688319057568,54,84,117,53
2793,2793.0,1204,1772459.0,1463.6325350949628,0.08443940585195822,54,84,117,53
2794,2794.0,1203,1773662.0,1464.6259289843106,0.07340277484799894,54,84,117,53
2795,2795.0,1202,1774838.0,1465.5970272502063,0.0652287137672493,54,84,117,53
2796,2796.0,1202,1776032.0,1466.5829892650702,0.06177753832401332,55,84,117,52
2797,2797.0,1202,1777234.0,1467.5755573905863,0.05882043282638273,55,84,117,52
2798,2798.0,1203,1778437.0,1468.568951279934,0.05362233955281269,55,84,117,52
2799,2799.0,1204,1779641.0,1469.563170933113,0.05264296413386722,55,84,117,52
2800,2800.0,1205,1780846.0,1470.5582163501238,0.05290275546573923,55,84,117,52
2801,2801.0,1205,1782051.0,1471.5532617671347,0.05940463272454349,55,84,117,52
2802,2802.0,1206,1783256.0,1471.3333333333333,0.0600389411731524,55,84,117,52
2803,2803.0,1205,1784461.0,1472.3275577557756,0.06071084841960141,55,84,117,52
2804,2804.0,1206,1785667.0,1473.322607260726,0.06266047441085563,55,84,117,52
2805,2805.0,1207,1786873.0,1473.1022258862324,0.060959545508198335,55,84,117,52
2806,2806.0,1206,1788079.0,1474.0964550700742,0.05428034093513948,55,84,117,52
2807,2807.0,1208,1789287.0,1475.0923330585326,0.053446406365159016,55,84,117,52
2808,2808.0,1208,1790495.0,1476.0882110469909,0.05145813480308007,55,84,117,52
2809,2809.0,1208,1791703.0,1477.0840890354493,0.044175475372473294,55,84,117,52
2810,2810.0,1208,1792911.0,1478.0799670239076,0.041743358620843246,55,84,117,52
2811,2811.0,1208,1794119.0,1479.075845012366,0.036869411096277685,55,84,117,52
2812,2812.0,1208,1795327.0,1480.0717230008245,0.03458328642834025,55,84,117,52
2813,2813.0,1209,1796536.0,1481.068425391591,0.0328235898129409,55,84,117,52
2814,2814.0,1210,1797746.0,1482.0659521846662,0.03201956188385392,55,84,117,52
2815,2815.0,1211,1798957.0,1484.2879537953795,0.01723427258323021,55,84,117,52
2816,2816.0,1211,1800168.0,1485.2871287128712,0.019039682866709255,55,84,117,52
2817,2817.0,1211,1801379.0,1486.2863036303631,0.019397312147207912,55,84,117,52
2818,2818.0,1212,1802590.0,1486.0593569661994,0.019195074380049457,55,84,117,52
2819,2819.0,1211,1803801.0,1487.057708161583,0.020826010890845365,55,84,117,52
2820,2820.0,1211,1805012.0,1488.0560593569662,0.022412500983387915,55,84,117,52
2821,2821.0,1211,1806223.0,1489.0544105523495,0.024697095626646258,55,84,117,52
2822,2822.0,1211,1807434.0,1490.0527617477328,0.025160919705197484,55,84,117,52
2823,2823.0,1211,1808645.0,1491.0511129431163,0.026971740721790684,55,84,117,52
2824,2824.0,1210,1809831.0,1492.0288540807915,0.030086742531190074,55,84,117,52
2825,2825.0,1210,1811030.0,1491.7874794069194,0.033919908411444884,55,84,117,52
2826,2826.0,1209,1812239.0,1492.7833607907744,0.03931940232106891,55,84,117,52
2827,2827.0,1209,1813448.0,1493.7792421746294,0.04202378158699959,55,84,117,52
2828,2828.0,1209,1814657.0,1494.7751235584844,0.04498831901455421,55,84,117,52
2829,2829.0,1210,1815867.0,1495.7718286655684,0.048641776158490566,55,84,117,52
2830,2830.0,1210,1817077.0,1496.7685337726523,0.05210272170625696,55,84,117,52
2831,2831.0,1210,1818287.0,1497.7652388797364,0.056179826848428885,55,84,117,52
2832,2832.0,1210,1819497.0,1498.7619439868204,0.05503511870645097,55,84,117,52
2833,2833.0,1210,1820707.0,1499.7586490939045,0.05867775716370493,55,84,117,52
2834,2834.0,1210,1821917.0,1500.7553542009884,0.06184332204563798,55,84,117,52
2835,2835.0,1208,1822773.0,1501.4604612850083,0.06593838315438676,53,84,117,52
2836,2836.0,1206,1823630.0,1502.166392092257,0.06892243128249576,51,84,117,52
2837,2837.0,1204,1824486.0,1502.8714991762768,0.07128981490064698,49,84,117,52
2838,2838.0,1202,1825340.0,1503.5749588138385,0.07586644822090947,47,84,117,52
2839,2839.0,1200,1826193.0,1504.2775947281714,0.0812446987484493,45,84,117,52
2840,2840.0,1198,1827046.0,1504.980230642504,0.09392418161599317,43,84,117,52
2841,2841.0,1197,1827976.0,1505.7462932454696,0.10381274379062617,41,84,117,52
2842,2842.0,1198,1829094.0,1505.4271604938272,0.11018924198886204,40,85,117,52
2843,2843.0,1196,1830070.0,1504.9917763157894,0.10729038525411838,38,85,117,52
2844,2844.0,1194,1831092.0,1505.8322368421052,0.1023570373309807,37,85,117,52
2845,2845.0,1194,1832114.0,1506.672697368421,0.0976082498208587,37,85,117,52
2846,2846.0,1195,1833138.0,1507.514802631579,0.09293734981078289,37,85,117,52
2847,2847.0,1197,1834165.0,1507.1199671322925,0.09151854981857847,37,85,117,52
2848,2848.0,1199,1835193.0,1506.7266009852217,0.09189579021000395,37,85,117,52
2849,2849.0,1199,1836223.0,1507.5722495894909,0.09287670799581983,37,85,117,53
2850,2850.0,1199,1837232.0,1507.163248564397,0.09697647538889682,38,86,117,53
2851,2851.0,1197,1838261.0,1508.0073831009024,0.10431551081036267,38,85,117,53
2852,2852.0,1198,1839291.0,1508.8523379819524,0.11198017605642703,40,85,117,53
2853,2853.0,1198,1840485.0,1509.8318293683346,0.11800036340355081,41,85,117,52
2854,2854.0,1199,1841516.0,1510.6776045939293,0.12583350891373626,43,85,117,52
2855,2855.0,1199,1842548.0,1511.5242001640688,0.1343982509091829,44,85,117,52
2856,2856.0,1199,1843579.0,1512.3699753896638,0.142799485869431,45,85,117,52
2857,2857.0,1198,1844610.0,1513.2157506152585,0.15238725290650246,45,85,117,52
2858,2858.0,1197,1845641.0,1514.0615258408532,0.15583536735386128,45,85,117,52
2859,2859.0,1198,1846672.0,1513.6655737704918,0.15223627708077375,46,85,117,52
2860,2860.0,1198,1847870.0,1514.6475409836066,0.14551609704444188,47,85,117,52
2861,2861.0,1195,1848833.0,1515.4368852459017,0.13589643739849322,47,85,117,52
2862,2862.0,1195,1849863.0,1516.2811475409835,0.12486419815840306,48,85,117,52
2863,2863.0,1196,1850894.0,1517.1262295081967,0.11334128171190444,49,86,117,52
2864,2864.0,1198,1851928.0,1517.9737704918032,0.10348241628112817,51,86,117,52
2865,2865.0,1197,1852960.0,1518.8196721311476,0.09239703182107806,51,86,117,52
2866,2866.0,1199,1853994.0,1520.9138638228055,0.06826795537301193,52,86,117,52
2867,2867.0,1202,1855030.0,1521.7637407711238,0.04953261056774807,53,87,117,52
2868,2868.0,1199,1856064.0,1522.6119770303528,0.049648513994253206,53,87,117,52
2869,2869.0,1201,1857265.0,1524.8481116584564,0.03464595893880572,53,87,117,52
2870,2870.0,1203,1858468.0,1525.8357963875205,0.029739801455761834,53,87,117,52
2871,2871.0,1202,1859341.0,1526.5525451559934,0.031084199582538382,53,87,117,52
2872,2872.0,1205,1860545.0,1526.2879409351929,0.03676508384478792,53,87,117,52
2873,2873.0,1202,1861582.0,1527.1386382280557,0.04059802077711721,53,87,117,52
2874,2874.0,1203,1862621.0,1527.9909762100083,0.04628588288569853,53,87,117,52
2875,2875.0,1203,1863662.0,1528.84495488105,0.051673503774123004,53,87,117,52
2876,2876.0,1203,1864701.0,1529.6972928630025,0.053814850390753205,53,87,117,52
2877,2877.0,1203,1865904.0,1530.6841673502872,0.04833849154320454,53,87,117,52
2878,2878.0,1203,1866943.0,1531.5365053322396,0.047641052400008564,53,87,117,52
2879,2879.0,1203,1867985.0,1532.391304347826,0.04634273592520705,53,87,117,52
2880,2880.0,1204,1869189.0,1533.3789991796555,0.041898885978963685,53,87,117,52
2881,2881.0,1205,1870231.0,1532.9762295081966,0.03530974573511032,53,87,117,52
2882,2882.0,1203,1871271.0,1533.8286885245902,0.03359897848309976,53,87,117,52
2883,2883.0,1202,1872251.0,1534.6319672131146,0.03203143335693384,54,85,117,52
2884,2884.0,1200,1873273.0,1535.4696721311475,0.0381183157019504,54,84,117,52
2885,2885.0,1199,1874312.0,1536.3213114754099,0.04084887206981275,54,84,117,52
2886,2886.0,1201,1875513.0,1537.305737704918,0.04524478411359366,54,84,117,52
2887,2887.0,1201,1876553.0,1538.1581967213115,0.051025587163896775,54,84,117,52
2888,2888.0,1200,1877593.0,1539.0106557377048,0.050365784166184396,54,84,117,52
2889,2889.0,1200,1878631.0,1539.861475409836,0.05406156616119888,54,84,117,52
2890,2890.0,1200,1879669.0,1540.712295081967,0.05411100047525644,54,84,117,52
2891,2891.0,1201,1880870.0,1541.6967213114754,0.05773392314960117,54,84,117,52
2892,2892.0,1200,1881909.0,1542.5483606557377,0.06294919405317354,54,84,117,52
2893,2893.0,1200,1882948.0,1543.4,0.06826919892530131,54,84,117,52
2894,2894.0,1199,1883984.0,1544.2491803278688,0.07007526150526815,54,84,117,52
2895,2895.0,1200,1885024.0,1545.1016393442624,0.06861607150071072,54,84,117,52
2896,2896.0,1200,1886063.0,1544.6871416871418,0.06851198693363456,54,84,117,52
2897,2897.0,1200,1887263.0,1546.9368852459017,0.05055459846734038,54,84,117,52
2898,2898.0,1200,1888303.0,1547.7893442622951,0.04836660303602028,54,84,117,52
2899,2899.0,1201,1889343.0,1547.3734643734645,0.04180544772190175,54,84,117,52
2900,2900.0,1201,1890383.0,1546.9582651391163,0.0436681783515294,54,85,117,52
2901,2901.0,1198,1891513.0,1549.1506961506961,0.0370373678148794,54,84,117,52
2902,2902.0,1198,1892519.0,1549.9746109746109,0.03647817048411789,54,84,117,52
2903,2903.0,1196,1893543.0,1550.8132678132679,0.03926476212967772,54,84,117,52
2904,2904.0,1197,1894581.0,1551.6633906633906,0.04015834062470026,54,84,117,52
2905,2905.0,1197,1895617.0,1551.2414075286415,0.04370940452386104,54,84,117,52
2906,2906.0,1200,1896658.0,1550.824202780049,0.04630031675554376,54,84,117,52
2907,2907.0,1201,1897699.0,1550.4076797385621,0.054341775835684863,54,84,117,52
2908,2908.0,1202,1898900.0,1551.388888888889,0.06293004537315448,54,84,117,52
2909,2909.0,1203,1899943.0,1550.9738775510205,0.0712821950311233,54,84,117,52
2910,2910.0,1201,1900984.0,1551.8236734693878,0.07761096469714983,54,84,117,52
2911,2911.0,1201,1902028.0,1552.6759183673469,0.08303933785534016,54,84,117,52
2912,2912.0,1199,1903045.0,1553.5061224489796,0.08800229200049535,54,84,117,52
2913,2913.0,1200,1904088.0,1554.3575510204082,0.09289031482723059,54,84,117,52
2914,2914.0,1202,1905289.0,1554.0693311582381,0.0979110256365373,54,84,117,52
2915,2915.0,1201,1906490.0,1555.0489396411092,0.09464635084584636,54,84,117,52
2916,2916.0,1203,1907693.0,1556.0301794453508,0.09921846304555022,55,84,117,52
2917,2917.0,1204,1908897.0,1558.2832653061225,0.0857621218824845,55,84,117,52
2918,2918.0,1203,1910098.0,1559.2636734693879,0.07680888001730438,55,84,117,52
2919,2919.0,1205,1911303.0,1560.2473469387755,0.07358675623803314,55,84,117,52
2920,2920.0,1207,1912509.0,1561.2318367346938,0.0636723208603046,56,84,117,52
2921,2921.0,1208,1913715.0,1560.942088091354,0.0566364235491542,56,84,117,52
2922,2922.0,1209,1914923.0,1560.6544417277914,0.0474475182797967,56,84,117,52
2923,2923.0,1209,1916131.0,1560.3672638436483,0.0398638469614305,56,84,117,52
2924,2924.0,1210,1917341.0,1561.3526058631921,0.03244245624290949,56,84,117,52
2925,2925.0,1213,1918553.0,1561.0683482506101,0.029709720488097117,56,84,117,52
2926,2926.0,1214,1919767.0,1562.0561432058585,0.028295834479296803,57,84,117,52
2927,2927.0,1214,1920981.0,1563.0439381611066,0.028449126324438252,57,84,117,52
2928,2928.0,1215,1922196.0,1564.0325467860048,0.031192874493198845,57,84,117,52
2929,2929.0,1216,1923412.0,1565.0219690805534,0.03461072942028315,57,84,117,52
2930,2930.0,1219,1924629.0,1563.46791226645,0.037935237831082665,57,84,117,53
2931,2931.0,1217,1925846.0,1564.4565393988628,0.040470398893828544,57,84,117,52
2932,2932.0,1218,1927064.0,1565.4459788789602,0.04329731899265096,57,84,117,52
2933,2933.0,1220,1928284.0,1566.4370430544272,0.04562979340026204,57,84,117,52
2934,2934.0,1220,1929504.0,1567.4281072298943,0.044995025021356654,57,84,117,52
2935,2935.0,1221,1930725.0,1568.4199837530464,0.04378186587844574,57,84,117,52
2936,2936.0,1221,1931946.0,1569.4118602761982,0.04030594302012267,57,84,117,52
2937,2937.0,1224,1933170.0,1570.4061738424045,0.04094670953795983,57,84,117,52
2938,2938.0,1224,1934393.0,1571.399675060926,0.04082594616012615,57,84,117,52
2939,2939.0,1225,1935618.0,1572.3948009748171,0.03420184314564436,57,84,117,52
2940,2940.0,1225,1936775.0,1572.0576298701299,0.026589515796323963,57,84,117,52
2941,2941.0,1224,1937966.0,1573.0243506493507,0.022554909514826485,57,84,117,52
2942,2942.0,1224,1939190.0,1574.017857142857,0.021308580092273172,57,84,117,52
2943,2943.0,1226,1940416.0,1575.012987012987,0.018675072171305936,57,84,117,52
2944,2944.0,1227,1941643.0,1576.0089285714287,0.018498549453800354,57,84,117,53
2945,2945.0,1227,1942870.0,1577.0048701298701,0.019154296599372414,57,84,117,53
2946,2946.0,1229,1944099.0,1578.002435064935,0.021559414557282924,57,84,117,53
2947,2947.0,1229,1945328.0,1579.0,0.022478054605013544,57,84,117,53
2948,2948.0,1230,1946558.0,1579.9983766233765,0.024794156915369157,57,84,117,53
2949,2949.0,1229,1947579.0,1579.54501216545,0.029471695623604348,55,84,117,53
2950,2950.0,1225,1948574.0,1580.3519870235198,0.04087275538816372,53,84,117,53
2951,2951.0,1223,1949594.0,1581.1792376317924,0.053098568321552006,51,84,117,53
2952,2952.0,1221,1950615.0,1582.007299270073,0.06359360469818555,49,84,117,53
2953,2953.0,1220,1951635.0,1581.5518638573744,0.06696667384484364,47,84,117,53
2954,2954.0,1219,1952654.0,1581.0963562753036,0.07281384065008796,46,84,117,53
2955,2955.0,1217,1953681.0,1581.927935222672,0.08293109968611093,44,84,117,53
2956,2956.0,1217,1954728.0,1582.7757085020244,0.09017354412923669,43,84,117,53
2957,2957.0,1217,1955903.0,1582.445792880259,0.09030564267765472,42,84,117,53
2958,2958.0,1217,1956983.0,1582.0396119644302,0.09179842485483157,41,84,117,53
2959,2959.0,1217,1958070.0,1582.918350848828,0.09218615268535708,41,84,117,53
2960,2960.0,1216,1959189.0,1583.8229587712208,0.09690673847839633,40,84,117,53
2961,2961.0,1216,1960308.0,1584.7275666936137,0.09810243394304971,40,84,117,53
2962,2962.0,1217,1961429.0,1585.6337914308813,0.09477381871821376,41,84,117,53
2963,2963.0,1218,1962550.0,1585.2584814216477,0.09829939146157446,40,84,117,53
2964,2964.0,1220,1963769.0,1584.9628732849071,0.09968628310649645,42,84,117,53
2965,2965.0,1218,1964891.0,1585.868442292171,0.09992618500681696,42,84,117,53
2966,2966.0,1219,1966014.0,1586.774818401937,0.1058967239157817,44,84,117,53
2967,2967.0,1218,1967113.0,1587.6618240516545,0.11319148284683359,45,84,117,52
2968,2968.0,1218,1968237.0,1588.5690072639225,0.1205632571109994,46,84,117,52
2969,2969.0,1221,1969362.0,1588.1951612903226,0.12535848822148463,49,84,117,52
2970,2970.0,1221,1970487.0,1587.8219178082193,0.13080750337996688,50,84,117,52
2971,2971.0,1219,1971611.0,1588.7276390008058,0.1374376356253439,50,84,117,52
2972,2972.0,1219,1972736.0,1589.6341659951652,0.13926715842401433,51,84,117,52
2973,2973.0,1220,1973956.0,1590.6172441579372,0.1390180072405043,52,84,117,52
2974,2974.0,1220,1975081.0,1591.5237711522966,0.1398814033746327,53,84,117,52
2975,2975.0,1221,1976207.0,1592.4311039484287,0.14429346625519435,54,84,117,52
2976,2976.0,1218,1977274.0,1593.2908944399678,0.14799029136999467,54,84,117,52
2977,2977.0,1219,1978397.0,1594.1958098307816,0.14018674658119332,54,84,117,52
2978,2978.0,1217,1979613.0,1595.1756647864624,0.13781838266990037,54,84,117,52
2979,2979.0,1219,1980738.0,1594.7971014492753,0.13009262852055864,54,84,117,52
2980,2980.0,1219,1981862.0,1596.9879129734086,0.11258423988309421,54,85,117,52
2981,2981.0,1220,1982990.0,1597.8968573730863,0.1177140026382547,54,86,117,52
2982,2982.0,1217,1984088.0,1600.0709677419354,0.1132473594450638,53,84,117,52
2983,2983.0,1217,1985193.0,1602.2542372881355,0.10343775061846364,52,84,117,52
2984,2984.0,1216,1986300.0,1603.1476997578693,0.10520092452144068,51,84,117,52
2985,2985.0,1215,1987494.0,1605.4071082390954,0.09439072639405112,50,84,117,52
2986,2986.0,1213,1988598.0,1606.2988691437804,0.10410170010353209,49,84,117,52
2987,2987.0,1212,1989702.0,1607.1906300484652,0.11427390718196372,48,84,117,52
2988,2988.0,1212,1990805.0,1608.0815831987077,0.13054487110432103,47,84,117,52
2989,2989.0,1212,1991998.0,1609.0452342487883,0.14541694347149203,46,84,117,52
2990,2990.0,1213,1993210.0,1608.724778046812,0.15162035953261266,46,85,117,52
2991,2991.0,1212,1994331.0,1609.6295399515739,0.15384904982736694,46,84,117,52
2992,2992.0,1214,1995453.0,1609.2362903225805,0.1542704461379483,47,84,117,52
2993,2993.0,1213,1996574.0,1610.1403225806453,0.15446909123569094,48,84,117,52
2994,2994.0,1214,1997698.0,1609.7485898468976,0.15849654563364296,48,84,117,52
2995,2995.0,1212,1998820.0,1610.6526994359388,0.15379162672462357,48,84,117,52
2996,2996.0,1214,2000034.0,1612.9306451612904,0.1380155613653296,49,84,117,52
2997,2997.0,1216,2001160.0,1613.8387096774193,0.13653701428274606,49,84,117,52
2998,2998.0,1216,2002285.0,1614.7459677419354,0.13292798614501394,50,84,117,52
2999,2999.0,1217,2003412.0,1615.6548387096775,0.13029655535646628,51,84,117,52
3000,3000.0,1219,2004540.0,1615.2618855761482,0.12485894396257619,51,84,117,52
3001,3001.0,1218,2005668.0,1616.1708299758259,0.12498584797791093,52,84,117,52
3002,3002.0,1219,2006887.0,1617.1531023368252,0.12475772145519261,52,84,117,52
3003,3003.0,1222,2008019.0,1619.3701612903226,0.11247423925108022,52,86,117,52
3004,3004.0,1222,2009149.0,1618.9758259468172,0.11067662861386048,52,86,117,52
3005,3005.0,1220,2010278.0,1619.8855761482675,0.11168866947404085,52,86,117,52
3006,3006.0,1219,2011491.0,1622.1701612903225,0.10597650007456319,52,84,117,52
3007,3007.0,1221,2012623.0,1623.083064516129,0.09254888367184731,52,84,117,52
3008,3008.0,1220,2013752.0,1623.9935483870968,0.10145398936460812,52,84,117,52
3009,3009.0,1220,2014884.0,1624.9064516129033,0.10327169773453139,52,84,117,52
3010,3010.0,1219,2016015.0,1625.8185483870968,0.10155728687181569,52,84,117,52
3011,3011.0,1219,2017147.0,1626.7314516129031,0.10407946389604705,52,84,117,52
3012,3012.0,1220,2018279.0,1627.6443548387097,0.0950436858935673,52,84,117,52
3013,3013.0,1219,2019386.0,1629.8514931396287,0.07100940837704942,52,84,117,52
3014,3014.0,1219,2020605.0,1630.8353510895884,0.06603262826412819,52,84,117,52
3015,3015.0,1221,2021826.0,1633.1389337641358,0.04422237793525675,53,84,117,52
3016,3016.0,1221,2022959.0,1634.0541195476576,0.03982376687346698,53,84,117,52
3017,3017.0,1221,2024092.0,1634.9693053311794,0.03511488138845948,53,84,117,52
3018,3018.0,1220,2025138.0,1635.8142164781907,0.03362575960524463,54,84,117,52
3019,3019.0,1223,2026360.0,1635.4802259887006,0.03189933303738107,54,84,117,52
3020,3020.0,1224,2027496.0,1635.0774193548386,0.028237730515213295,54,84,117,52
3021,3021.0,1223,2028633.0,1635.9943548387096,0.028278966700107978,54,84,117,52
3022,3022.0,1224,2029856.0,1635.6615632554392,0.028101299586394252,54,84,117,52
3023,3023.0,1224,2031080.0,1636.6478646253022,0.029759603947224038,54,84,117,52
3024,3024.0,1224,2032217.0,1637.5640612409347,0.03133302894716746,54,84,117,52
3025,3025.0,1225,2033354.0,1638.4802578565673,0.036684488833774516,54,84,117,52
3026,3026.0,1224,2034490.0,1639.3956486704271,0.042566844809379153,54,84,117,52
3027,3027.0,1224,2035627.0,1640.3118452860597,0.04632766573624941,54,84,117,52
3028,3028.0,1223,2036762.0,1641.2264302981466,0.046178603692976855,54,84,117,52
3029,3029.0,1224,2037985.0,1643.5362903225807,0.03742921699099142,54,84,117,52
3030,3030.0,1226,2039209.0,1643.1982272361,0.039354439334494666,54,84,117,52
3031,3031.0,1227,2040348.0,1644.116035455278,0.040802394029600224,54,84,117,52
3032,3032.0,1227,2041573.0,1643.7785829307568,0.04311235850291675,54,84,117,52
3033,3033.0,1226,2042799.0,1644.7657004830917,0.044557622576932826,54,84,117,52
3034,3034.0,1227,2044026.0,1645.7536231884058,0.045006041748659666,54,84,117,52
3035,3035.0,1229,2045254.0,1645.4175382139983,0.04733876875822885,54,84,117,52
3036,3036.0,1229,2046483.0,1646.4062751407885,0.04995590024541699,54,84,117,52
3037,3037.0,1230,2047713.0,1647.3958165728077,0.049712202160054564,54,84,117,52
3038,3038.0,1231,2048943.0,1647.0602893890675,0.04828535118274791,54,84,117,52
3039,3039.0,1231,2050126.0,1646.6875502008031,0.050627302136403166,53,84,117,52
3040,3040.0,1229,2051308.0,1647.6369477911646,0.05560900730256951,52,84,117,52
3041,3041.0,1229,2052492.0,1648.5879518072288,0.05963917873508948,51,84,117,52
3042,3042.0,1231,2053679.0,1649.5413654618474,0.0659228388528234,50,84,117,52
3043,3043.0,1230,2054863.0,1649.1677367576244,0.0728256843495246,49,84,117,52
3044,3044.0,1231,2056051.0,1650.121187800963,0.0835100821119381,48,85,117,52
3045,3045.0,1230,2057251.0,1651.0842696629213,0.0918660645903651,47,85,117,52
3046,3046.0,1231,2058454.0,1652.0497592295344,0.09874647742577598,46,86,117,52
3047,3047.0,1231,2059684.0,1653.0369181380418,0.10233267150495282,46,86,117,52
3048,3048.0,1232,2060914.0,1652.6976744186047,0.10138185444407462,46,86,117,52
3049,3049.0,1234,2062148.0,1653.6872493985566,0.1026603359758547,47,86,117,52
3050,3050.0,1234,2063382.0,1654.6768243785084,0.10059866001405808,47,86,117,52
3051,3051.0,1235,2064617.0,1655.6672012830793,0.09906943912273526,48,86,117,52
3052,3052.0,1237,2065854.0,1656.6591820368885,0.09835958133946879,48,86,117,52
3053,3053.0,1237,2067091.0,1657.6511627906978,0.09914616124267799,48,86,117,52
3054,3054.0,1237,2068318.0,1658.635124298316,0.09858303265745126,49,85,117,52
3055,3055.0,1237,2069546.0,1659.6198877305533,0.0988694000842602,50,84,117,52
3056,3056.0,1238,2070784.0,1660.6126704089816,0.09943947254528117,51,84,117,52
3057,3057.0,1238,2072022.0,1661.6054530874098,0.09540549342853054,51,84,117,52
3058,3058.0,1238,2073260.0,1662.598235765838,0.08904890553436659,51,84,117,52
3059,3059.0,1239,2074499.0,1663.5918203688852,0.08727706638839017,52,84,117,52
3060,3060.0,1240,2075739.0,1664.5862068965516,0.08861379476469729,52,84,117,52
3061,3061.0,1240,2076979.0,1665.580593424218,0.09164876512189596,52,84,117,52
3062,3062.0,1240,2078219.0,1666.5749799518844,0.09566065629479485,52,84,117,52
3063,3063.0,1240,2079459.0,1667.569366479551,0.09789220533694241,52,84,117,52
3064,3064.0,1241,2080699.0,1667.226762820513,0.10008180216112234,52,84,117,52
3065,3065.0,1240,2081939.0,1669.5581395348838,0.08478257037632643,52,84,117,52
3066,3066.0,1240,2083179.0,1670.5525260625502,0.08761358981404971,52,84,117,52
3067,3067.0,1240,2084419.0,1671.5469125902166,0.08922465916889114,52,84,117,52
3068,3068.0,1240,2085659.0,1673.8836276083466,0.0753413865862189,52,84,117,52
3069,3069.0,1241,2086899.0,1674.878812199037,0.059944430040660156,52,84,117,52
3070,3070.0,1240,2088139.0,1677.2200803212852,0.04600006174179649,52,84,117,52
3071,3071.0,1240,2089379.0,1679.565112540193,0.03565021520055997,52,84,117,52
3072,3072.0,1241,2090619.0,1679.2120481927711,0.034522775145840935,52,84,117,52
3073,3073.0,1240,2091859.0,1681.5586816720256,0.02284826021438671,52,84,117,52
3074,3074.0,1240,2093099.0,1682.555466237942,0.02431462005290033,52,84,117,52
3075,3075.0,1242,2094340.0,1682.2008032128515,0.02826191892688213,52,84,117,52
3076,3076.0,1241,2095581.0,1683.1975903614457,0.03434425952150128,52,84,117,52
3077,3077.0,1241,2096822.0,1684.19437751004,0.03824235514157809,52,84,117,52
3078,3078.0,1241,2098063.0,1685.1911646586345,0.04165249354412931,52,84,117,52
3079,3079.0,1241,2099304.0,1686.187951807229,0.044934394770584966,52,84,117,52
3080,3080.0,1241,2100545.0,1687.1847389558234,0.04799112073496369,52,84,117,52
3081,3081.0,1241,2101786.0,1688.1815261044176,0.04900504610550702,52,84,117,52
3082,3082.0,1241,2103027.0,1689.178313253012,0.049296850887340996,52,84,117,52
3083,3083.0,1241,2104268.0,1690.1751004016064,0.04347031711027014,52,84,117,52
3084,3084.0,1241,2105509.0,1691.1718875502008,0.03761178067958697,52,84,117,52
3085,3085.0,1242,2106751.0,1692.1694779116465,0.030045130042782885,52,84,117,52
3086,3086.0,1242,2107993.0,1693.1670682730924,0.02371319857217664,52,84,117,52
3087,3087.0,1242,2109235.0,1694.1646586345382,0.01863110651006901,52,84,117,52
3088,3088.0,1243,2110478.0,1695.1630522088353,0.01618990836980511,52,84,117,52
3089,3089.0,1244,2111721.0,1694.8001605136437,0.012113810045864374,52,84,117,52
3090,3090.0,1242,2112922.0,1695.7640449438202,0.012833618813356013,51,84,117,52
3091,3091.0,1241,2114123.0,1696.7279293739969,0.01610502161690365,50,84,117,52
3092,3092.0,1242,2115326.0,1696.3319967923014,0.02159504881386083,49,84,117,52
3093,3093.0,1240,2116528.0,1697.2959101844426,0.029707382837238675,48,84,117,52
3094,3094.0,1239,2117729.0,1698.2590216519648,0.038407095926235,47,84,117,52
3095,3095.0,1239,2118931.0,1697.8613782051282,0.04905419636610494,46,84,117,52
3096,3096.0,1238,2120169.0,1698.8533653846155,0.06007136286222398,46,84,117,52
3097,3097.0,1238,2121407.0,1699.8453525641025,0.07311230795792886,46,84,117,52
3098,3098.0,1238,2122645.0,1700.8373397435898,0.08082868816083717,46,84,117,52
3099,3099.0,1238,2123883.0,1701.829326923077,0.08587645027065044,46,84,117,52
3100,3100.0,1239,2125121.0,1701.4579663730985,0.0928380284785329,46,84,117,53
3101,3101.0,1240,2126360.0,1701.088,0.09859252889972339,47,84,117,52
3102,3102.0,1240,2127600.0,1702.08,0.10656337313303947,48,84,117,52
3103,3103.0,1240,2128840.0,1703.072,0.11305856824769726,48,84,117,52
3104,3104.0,1241,2130081.0,1704.0648,0.11178081925355716,49,84,117,52
3105,3105.0,1242,2131323.0,1705.0584,0.11095418567636459,49,84,117,52
3106,3106.0,1242,2132565.0,1706.052,0.10769356112186625,49,84,117,52
3107,3107.0,1242,2133807.0,1707.0456,0.10518516740670104,49,84,117,52
3108,3108.0,1242,2135049.0,1708.0392,0.09866807951591261,49,84,117,52
3109,3109.0,1242,2136291.0,1709.0328,0.09141582579122932,49,84,117,52
3110,3110.0,1243,2137534.0,1710.0272,0.08811144866042057,49,84,117,52
3111,3111.0,1244,2138778.0,1711.0224,0.08463838383473783,49,84,117,52
3112,3112.0,1244,2140022.0,1712.0176,0.07959166861216196,49,84,117,52
3113,3113.0,1244,2141266.0,1713.0128,0.0722988487158504,49,84,117,52
3114,3114.0,1245,2142511.0,1714.0088,0.06555643657730255,49,84,117,52
3115,3115.0,1245,2143756.0,1715.0048,0.05907862051030214,49,84,117,52
3116,3116.0,1245,2145001.0,1716.0008,0.05309763371922803,49,84,117,52
3117,3117.0,1245,2146246.0,1716.9968,0.05029189056897112,49,84,117,52
3118,3118.0,1246,2147492.0,1717.9936,0.04946056301256068,49,84,117,52
3119,3119.0,1247,2148739.0,1718.9912,0.04954777650643705,49,84,117,52
3120,3120.0,1248,2149986.0,1719.9888,0.03311126432287643,49,84,117,52
3121,3121.0,1247,2151233.0,1720.9864,0.03650952218443417,49,84,117,52
3122,3122.0,1247,2152480.0,1723.3626901521218,0.02134495627752384,49,84,117,52
3123,3123.0,1247,2153727.0,1725.7427884615386,0.005895530144066243,49,84,117,52
3124,3124.0,1247,2154974.0,1726.741987179487,0.00782629480983287,49,84,117,52
3125,3125.0,1248,2156221.0,1726.3578863090472,0.0088876186983378,49,85,117,52
3126,3126.0,1247,2157468.0,1727.3562850280225,0.01073712803518264,49,84,117,52
3127,3127.0,1247,2158715.0,1728.3546837469976,0.013128293299936533,49,84,117,52
3128,3128.0,1248,2159962.0,1727.9696,0.015013401611699367,49,84,117,52
3129,3129.0,1248,2161209.0,1727.5851318944844,0.017938449903346733,49,84,117,52
3130,3130.0,1247,2162456.0,1728.581934452438,0.022715352876016337,49,84,117,52
3131,3131.0,1247,2163703.0,1729.5787370103917,0.0273922005378926,49,84,117,52
3132,3132.0,1247,2164950.0,1730.5755395683452,0.03113061332856862,49,84,117,52
3133,3133.0,1247,2166197.0,1731.572342126299,0.03461988425913197,49,84,117,52
3134,3134.0,1247,2167444.0,1732.5691446842527,0.03814804020435481,49,84,117,52
3135,3135.0,1247,2168691.0,1733.5659472422062,0.04093013268095346,49,84,117,52
3136,3136.0,1247,2169938.0,1734.56274980016,0.0420451530209626,49,84,117,52
3137,3137.0,1247,2171185.0,1735.5595523581135,0.04584684642823112,49,84,117,52
3138,3138.0,1248,2172432.0,1735.1693290734825,0.04829002295655223,49,84,117,52
3139,3139.0,1247,2173679.0,1736.1653354632588,0.051786857391267864,49,84,117,52
3140,3140.0,1247,2174926.0,1737.161341853035,0.055249976115341305,49,84,117,52
3141,3141.0,1248,2176173.0,1736.7701516360735,0.05587222794838641,49,84,117,52
3142,3142.0,1247,2177420.0,1737.7653631284916,0.05325566811559267,49,84,117,52
3143,3143.0,1247,2178667.0,1738.76057462091,0.050164188410092715,49,84,117,52
3144,3144.0,1247,2179914.0,1739.755786113328,0.048231711996298235,49,84,117,52
3145,3145.0,1248,2181162.0,1740.7517956903432,0.04639144567806278,49,85,117,52
3146,3146.0,1248,2182410.0,1741.7478052673584,0.046616344100659006,49,85,117,52
3147,3147.0,1248,2183658.0,1742.7438148443734,0.042372706808025656,49,85,117,52
3148,3148.0,1250,2184907.0,1742.3500797448166,0.03779868666744718,49,85,117,52
3149,3149.0,1249,2186156.0,1743.3460925039872,0.03337631063321452,49,85,117,52
3150,3150.0,1250,2187405.0,1742.9521912350597,0.03092853843412788,49,85,117,52
3151,3151.0,1249,2188654.0,1743.9474103585658,0.03232686640156956,49,85,117,52
3152,3152.0,1251,2189905.0,1744.9442231075698,0.03592867361406235,49,85,117,52
3153,3153.0,1251,2191156.0,1745.9410358565738,0.039523895420553436,49,85,117,52
3154,3154.0,1251,2192407.0,1746.9378486055778,0.04085947866393928,49,85,117,52
3155,3155.0,1252,2193658.0,1746.5429936305732,0.03553104695067093,49,86,117,52
3156,3156.0,1251,2194909.0,1747.5390127388534,0.03475253005577138,49,85,117,52
3157,3157.0,1253,2196161.0,1747.1447891805888,0.028070577160082003,49,86,117,52
3158,3158.0,1253,2197414.0,1748.1416070007956,0.023690375333065068,49,85,117,52
3159,3159.0,1253,2198667.0,1749.1384248210024,0.019704605966801386,49,85,117,52
3160,3160.0,1254,2199920.0,1748.7440381558029,0.01547183584586757,49,85,117,52
3161,3161.0,1255,2201175.0,1749.741653418124,0.016926190168476032,49,86,117,52
3162,3162.0,1256,2202430.0,1749.3486894360603,0.02218730342417943,49,86,117,52
3163,3163.0,1256,2203685.0,1748.9563492063492,0.027617303665324455,49,86,117,52
3164,3164.0,1255,2204940.0,1749.952380952381,0.03331673867404159,49,86,117,52
3165,3165.0,1255,2206195.0,1750.9484126984128,0.034145124112687955,49,86,117,52
3166,3166.0,1255,2207450.0,1751.9444444444443,0.03495652753463657,49,86,117,52
3167,3167.0,1255,2208705.0,1752.9404761904761,0.03060675773283018,49,86,117,52
3168,3168.0,1255,2209960.0,1753.936507936508,0.032740494793815716,49,86,117,52
3169,3169.0,1258,2211217.0,1753.5424266455195,0.03342449725811971,49,88,117,52
3170,3170.0,1257,2212474.0,1754.5392545598731,0.036508397612246724,49,87,117,52
3171,3171.0,1257,2213731.0,1755.5360824742268,0.03944210011332266,49,87,117,52
3172,3172.0,1258,2214988.0,1755.1410459587955,0.04191969667781452,49,87,117,52
3173,3173.0,1258,2216245.0,1754.7466349960412,0.04238887882031026,49,87,117,52
3174,3174.0,1257,2217502.0,1755.741884402217,0.04487531970163455,49,87,117,52
3175,3175.0,1257,2218759.0,1756.7371338083926,0.04719993590471422,49,87,117,52
3176,3176.0,1257,2220016.0,1757.7323832145685,0.04960678156371434,49,87,117,52
3177,3177.0,1257,2221273.0,1758.7276326207443,0.05174966649432585,49,87,117,52
3178,3178.0,1257,2222530.0,1759.72288202692,0.05165267983724914,49,87,117,52
3179,3179.0,1257,2223787.0,1760.7181314330958,0.043278486878343334,49,87,117,52
3180,3180.0,1257,2225044.0,1761.7133808392716,0.034977408357859174,49,87,117,52
3181,3181.0,1260,2226303.0,1761.315664556962,0.02642194048212021,49,87,117,52
3182,3182.0,1260,2227562.0,1760.9185770750987,0.02687777501908565,49,87,117,52
3183,3183.0,1260,2228821.0,1760.5221169036336,0.028652044837495953,49,87,117,52
3184,3184.0,1259,2230080.0,1761.516587677725,0.03141018609812631,49,87,117,52
3185,3185.0,1259,2231339.0,1762.5110584518168,0.03102963011690578,49,87,117,52
3186,3186.0,1261,2232599.0,1762.1144435674823,0.030153330862074123,49,87,117,52
3187,3187.0,1262,2233861.0,1763.110497237569,0.03854246562791721,49,88,117,52
3188,3188.0,1262,2235123.0,1764.106550907656,0.04110160918264841,49,88,117,52
3189,3189.0,1262,2236385.0,1765.1026045777428,0.0432141691724036,49,88,117,52
3190,3190.0,1263,2237647.0,1764.705835962145,0.04208647375806231,49,88,117,52
3191,3191.0,1263,2238910.0,1765.7018927444794,0.04364581837021827,49,88,117,52
3192,3192.0,1263,2240173.0,1766.6979495268138,0.04331794257349208,49,88,117,52
3193,3193.0,1263,2241436.0,1767.6940063091483,0.04195661864860745,49,88,117,52
3194,3194.0,1264,2242700.0,1768.6908517350157,0.0377183574422719,49,88,117,52
3195,3195.0,1264,2243964.0,1769.6876971608833,0.029553484636201707,49,88,117,52
3196,3196.0,1266,2245229.0,1769.2899921197793,0.02536238983341334,49,89,117,52
3197,3197.0,1266,2246494.0,1768.8929133858267,0.021163843171538185,49,88,117,52
3198,3198.0,1265,2247759.0,1769.8889763779528,0.018030317116498485,49,88,117,52
3199,3199.0,1265,2249024.0,1770.8850393700786,0.017094323837918902,49,88,117,52
3200,3200.0,1266,2250290.0,1771.8818897637796,0.01644531630790525,49,88,117,52
3201,3201.0,1267,2251557.0,1772.879527559055,0.015958968446820328,49,88,117,52
3202,3202.0,1267,2252824.0,1773.8771653543306,0.01629098610348417,49,88,117,52
3203,3203.0,1269,2254092.0,1773.4791502753737,0.017373834363820305,49,88,117,52
3204,3204.0,1268,2255360.0,1774.4767899291896,0.01485162002079078,49,88,117,52
3205,3205.0,1269,2256628.0,1774.0786163522012,0.012488742882484487,49,88,117,52
3206,3206.0,1269,2257896.0,1773.681068342498,0.011287364240223486,49,88,117,52
3207,3207.0,1269,2259165.0,1774.6779261586803,0.01182655548809733,49,88,117,52
3208,3208.0,1270,2260435.0,1775.675569520817,0.01485887624935056,49,89,117,52
3209,3209.0,1270,2261705.0,1776.6732128829537,0.0192450139609105,49,89,117,52
3210,3210.0,1271,2262975.0,1776.2755102040817,0.024146593969893337,49,89,117,52
3211,3211.0,1270,2264245.0,1777.2723704866562,0.030284409139137325,49,89,117,52
3212,3212.0,1270,2265515.0,1778.2692307692307,0.036477982747894676,49,89,117,52
3213,3213.0,1270,2266785.0,1779.2660910518052,0.037184912479164424,49,89,117,52
3214,3214.0,1270,2268055.0,1780.26295133438,0.038118388222791066,49,89,117,52
3215,3215.0,1270,2269325.0,1781.2598116169545,0.03728034817737545,49,89,117,52
3216,3216.0,1270,2270595.0,1782.256671899529,0.03856767352576582,49,89,117,52
3217,3217.0,1271,2271866.0,1783.25431711146,0.038931418878956764,49,89,117,52
3218,3218.0,1271,2273137.0,1784.251962323391,0.03743441466503994,49,89,117,52
3219,3219.0,1271,2274408.0,1785.2496075353217,0.036779069249479976,49,89,117,52
3220,3220.0,1271,2275679.0,1786.2472527472528,0.034993035567974694,49,89,117,52
3221,3221.0,1272,2276950.0,1785.8431372549019,0.03091449282752243,49,89,117,52
3222,3222.0,1271,2278221.0,1786.84,0.026026004261272606,49,89,117,52
3223,3223.0,1272,2279493.0,1787.8376470588234,0.02164368982371208,49,89,117,52
3224,3224.0,1273,2280766.0,1788.8360784313725,0.017668046446638507,49,89,117,52
3225,3225.0,1274,2282039.0,1788.4318181818182,0.0124962050412027,49,89,117,52
3226,3226.0,1274,2283313.0,1789.430250783699,0.0098692696012912,49,90,117,52
3227,3227.0,1274,2284587.0,1790.42868338558,0.007779279023830942,49,90,117,52
3228,3228.0,1274,2285861.0,1791.4271159874609,0.006373023023250993,49,90,117,52
3229,3229.0,1275,2287136.0,1792.4263322884012,0.00633973699408775,49,90,117,52
3230,3230.0,1275,2288411.0,1793.4255485893416,0.00833898494069046,49,90,117,52
3231,3231.0,1275,2289686.0,1794.4247648902822,0.005583207630594855,49,90,117,52
3232,3232.0,1275,2290961.0,1795.4239811912225,0.0020564094498936635,49,90,117,52
3233,3233.0,1276,2292237.0,1796.4239811912225,3.4314397443271886e-06,49,90,117,52
3234,3234.0,1276,2293513.0,1797.4239811912225,6.053607413623434e-07,49,90,117,52
3235,3235.0,1277,2294789.0,1797.0156617071261,8.242643702343172e-08,49,90,117,52
3236,3236.0,1276,2296065.0,1798.0148786217699,0.0015908414262952976,49,90,117,52
3237,3237.0,1276,2297341.0,1799.0140955364134,0.003593622200200502,49,90,117,52
3238,3238.0,1277,2298617.0,1798.6048513302035,0.005500141768468506,49,90,117,52
3239,3239.0,1276,2299893.0,1799.6032863849766,0.008142845558675942,49,90,117,52
3240,3240.0,1276,2301169.0,1800.6017214397496,0.011948064070159251,49,90,117,52
3241,3241.0,1276,2302445.0,1801.6001564945227,0.015442204115517343,49,90,117,52
3242,3242.0,1276,2303721.0,1802.5985915492959,0.01903806336590997,49,90,117,52
3243,3243.0,1277,2304997.0,1802.1868647380766,0.021739717084256184,49,90,117,52
3244,3244.0,1276,2306273.0,1803.1845191555904,0.02639171816860207,49,90,117,52
3245,3245.0,1276,2307549.0,1804.182173573104,0.02965177429441045,49,90,117,52
3246,3246.0,1275,2308779.0,1805.1438623924942,0.03459575504401082,49,90,117,52
3247,3247.0,1275,2310054.0,1806.140734949179,0.03931228011006351,49,90,117,52
3248,3248.0,1275,2311329.0,1807.137607505864,0.044924004411442835,49,90,117,52
3249,3249.0,1275,2312604.0,1808.1344800625488,0.04616222348235213,49,90,117,52
3250,3250.0,1275,2313879.0,1809.1313526192337,0.04405500562111658,49,90,117,52
3251,3251.0,1276,2315154.0,1808.7140625,0.0383678044920827,49,90,117,52
3252,3252.0,1276,2316429.0,1808.297423887588,0.031446519986019404,49,90,117,52
3253,3253.0,1277,2317705.0,1807.8822152886116,0.024756339227004667,49,90,117,53
3254,3254.0,1276,2318981.0,1808.877535101404,0.023988193528039818,49,90,117,52
3255,3255.0,1277,2320258.0,1809.8736349453977,0.0235459300338409,49,90,117,52
3256,3256.0,1278,2321535.0,1809.4583008573657,0.024177536544795302,49,90,117,52
3257,3257.0,1278,2322813.0,1810.4544037412315,0.02487906474002787,49,90,117,52
3258,3258.0,1280,2324092.0,1810.0404984423676,0.02803297173423131,49,90,117,52
3259,3259.0,1279,2325371.0,1811.0366043613708,0.033440428278827705,49,90,117,52
3260,3260.0,1279,2326650.0,1812.0327102803737,0.03834164694353583,49,90,117,52
3261,3261.0,1280,2327929.0,1811.617898832685,0.04188045754306109,49,90,117,52
3262,3262.0,1279,2329208.0,1812.6132295719844,0.04670958796643191,49,90,117,52
3263,3263.0,1279,2330487.0,1813.608560311284,0.04956974355754258,49,90,117,52
3264,3264.0,1279,2331766.0,1814.6038910505836,0.048190126993163634,49,90,117,52
3265,3265.0,1280,2333045.0,1814.1874027993779,0.04204157060126639,49,90,117,52
3266,3266.0,1280,2334325.0,1815.1827371695178,0.044525882603878096,49,91,117,52
3267,3267.0,1280,2335605.0,1816.1780715396578,0.04856488089664181,49,91,117,52
3268,3268.0,1281,2336885.0,1815.7614607614607,0.048499656771015344,49,91,117,52
3269,3269.0,1281,2338166.0,1816.7567987567988,0.05542659430010458,49,91,117,52
3270,3270.0,1281,2339447.0,1817.7521367521367,0.059820121337604296,49,91,117,52
3271,3271.0,1281,2340728.0,1818.7474747474748,0.0629395510952871,49,91,117,52
3272,3272.0,1281,2342009.0,1819.7428127428127,0.061267421163420904,49,91,117,52
3273,3273.0,1280,2343056.0,1819.142857142857,0.06526312796761591,49,89,117,52
3274,3274.0,1277,2344154.0,1819.995341614907,0.07035385436266949,49,87,117,52
3275,3275.0,1276,2345342.0,1820.917701863354,0.06739822018171573,49,86,117,52
3276,3276.0,1276,2346568.0,1821.8695652173913,0.07027141139192535,49,85,117,52
3277,3277.0,1275,2347832.0,1822.8509316770187,0.07513922408085918,49,84,117,52
3278,3278.0,1275,2349107.0,1823.8408385093169,0.07323885851289824,49,84,117,52
3279,3279.0,1276,2350383.0,1824.8315217391305,0.08008843592354353,49,84,117,52
3280,3280.0,1277,2351660.0,1825.8229813664595,0.07874459212753594,50,84,117,52
3281,3281.0,1277,2352937.0,1826.8144409937888,0.07265961126024112,50,84,117,52
3282,3282.0,1279,2354215.0,1826.388673390225,0.06846253329775777,50,84,117,52
3283,3283.0,1278,2355493.0,1827.3801396431343,0.0706067869506973,50,84,117,52
3284,3284.0,1282,2356774.0,1826.9565891472869,0.07220335080103447,50,85,117,52
3285,3285.0,1282,2358056.0,1827.9503875968992,0.072161539050585,50,86,117,52
3286,3286.0,1283,2359338.0,1827.5274980635168,0.07174637057197807,50,86,117,52
3287,3287.0,1283,2360621.0,1828.5213013168086,0.07159873894459545,50,86,117,52
3288,3288.0,1283,2361904.0,1830.9333333333334,0.06081902827827485,50,86,117,52
3289,3289.0,1283,2363187.0,1831.9279069767442,0.06138766756739971,50,86,117,52
3290,3290.0,1283,2364470.0,1834.344453064391,0.04713263390954679,50,86,117,52
3291,3291.0,1283,2365753.0,1835.3397982932506,0.05285155219026891,50,86,117,52
3292,3292.0,1283,2367036.0,1836.3351435221102,0.05345942576964856,50,86,117,52
3293,3293.0,1284,2368319.0,1835.9062015503876,0.052079837909933833,50,86,117,52
3294,3294.0,1284,2369603.0,1838.3266097750195,0.03961194167497664,50,86,117,52
3295,3295.0,1285,2370888.0,1839.323506594259,0.03827376473263678,50,86,117,52
3296,3296.0,1285,2372173.0,1840.3204034134988,0.03630599757350871,50,86,117,52
3297,3297.0,1286,2373458.0,1839.88992248062,0.03456298940751392,50,86,117,52
3298,3298.0,1285,2374743.0,1840.886046511628,0.03394851793422328,50,86,117,52
3299,3299.0,1285,2376028.0,1841.8821705426355,0.03399272356699038,50,86,117,52
3300,3300.0,1285,2377313.0,1842.8782945736434,0.037508249459042554,50,86,117,52
3301,3301.0,1286,2378598.0,1842.4461657629745,0.04227160455246294,50,86,117,52
3302,3302.0,1285,2379883.0,1843.4415182029434,0.037818091176095275,50,86,117,52
3303,3303.0,1286,2381169.0,1844.437645236251,0.0368898807317642,50,86,117,52
3304,3304.0,1286,2382455.0,1845.4337722695584,0.036411809122663584,50,86,117,52
3305,3305.0,1286,2383741.0,1846.429899302866,0.037264852943391526,50,86,117,52
3306,3306.0,1288,2385028.0,1845.996904024768,0.03837562379107692,50,87,117,52
3307,3307.0,1287,2386315.0,1846.9930340557275,0.04134785807462447,50,87,117,52
3308,3308.0,1288,2387602.0,1846.5599381283837,0.044460762148012443,50,87,117,52
3309,3309.0,1287,2388889.0,1847.555297757154,0.048182201553282365,50,87,117,52
3310,3310.0,1287,2390176.0,1848.5506573859243,0.05232420443063294,50,87,117,52
3311,3311.0,1287,2391463.0,1849.5460170146946,0.05760557130683051,50,87,117,52
3312,3312.0,1287,2392750.0,1850.541376643465,0.0604771689825317,50,87,117,52
3313,3313.0,1287,2394037.0,1851.5367362722352,0.05900815890499054,50,87,117,52
3314,3314.0,1287,2395324.0,1852.5320959010055,0.05435327141977453,50,87,117,52
3315,3315.0,1287,2396611.0,1853.5274555297758,0.047383487285527326,50,87,117,52
3316,3316.0,1287,2397898.0,1854.522815158546,0.039310881769819124,50,87,117,52
3317,3317.0,1288,2399186.0,1855.5189481825212,0.03410764899384095,50,87,117,52
3318,3318.0,1288,2400474.0,1856.5150812064965,0.028835440502489353,50,87,117,52
3319,3319.0,1289,2401763.0,1857.5119876256767,0.02540341220729483,50,87,117,52
3320,3320.0,1292,2403053.0,1855.6393822393823,0.022249610658637748,50,88,117,52
3321,3321.0,1291,2404343.0,1855.2029320987654,0.0237662541400015,50,87,117,52
3322,3322.0,1291,2405634.0,1856.1990740740741,0.02684695936545795,50,88,117,52
3323,3323.0,1291,2406925.0,1857.1952160493827,0.031199325469432188,50,88,117,52
3324,3324.0,1291,2408216.0,1858.1913580246915,0.02896730449043967,50,88,117,52
3325,3325.0,1291,2409507.0,1859.1875,0.024350940681521358,50,88,117,52
3326,3326.0,1291,2410798.0,1860.1836419753085,0.019849306068241427,50,88,117,52
3327,3327.0,1292,2412090.0,1861.1805555555557,0.021097978024356062,50,88,117,52
3328,3328.0,1293,2413334.0,1862.1404320987654,0.02488919782032374,50,89,117,52
3329,3329.0,1292,2414581.0,1863.10262345679,0.02658950316713096,50,89,117,52
3330,3330.0,1291,2415815.0,1864.0547839506173,0.03083602228312213,50,89,117,52
3331,3331.0,1291,2417106.0,1865.0509259259259,0.031167368922715724,50,89,117,52
3332,3332.0,1292,2418398.0,1866.0478395061727,0.03278223474306382,50,89,117,52
3333,3333.0,1293,2419690.0,1865.6052428681573,0.029465653394073477,50,89,117,52
3334,3334.0,1292,2420982.0,1866.6013878180415,0.031031189566715627,50,89,117,52
3335,3335.0,1292,2422274.0,1867.597532767926,0.031053049851100273,50,89,117,52
3336,3336.0,1293,2423567.0,1868.5944487278334,0.03213202326653097,50,89,117,52
3337,3337.0,1295,2424861.0,1868.1517719568567,0.03628963014255296,50,89,117,52
3338,3338.0,1294,2426155.0,1869.1486902927581,0.03948764246206701,50,89,117,52
3339,3339.0,1294,2427449.0,1870.1456086286594,0.0430269547293469,50,89,117,52
3340,3340.0,1294,2428743.0,1871.1425269645608,0.04379730316824879,50,89,117,52
3341,3341.0,1294,2430037.0,1872.1394453004623,0.04330269966394657,50,89,117,52
3342,3342.0,1294,2431331.0,1873.1363636363637,0.04091980230512132,50,89,117,52
3343,3343.0,1294,2432625.0,1874.133281972265,0.038722747696757945,50,89,117,52
3344,3344.0,1294,2433919.0,1875.1302003081664,0.038459762185013305,50,89,117,52
3345,3345.0,1294,2435213.0,1876.1271186440679,0.03869344360238782,50,89,117,52
3346,3346.0,1294,2436507.0,1877.124036979969,0.03773272528468749,50,89,117,52
3347,3347.0,1296,2437802.0,1876.6759045419553,0.03567607649589511,50,89,117,52
3348,3348.0,1295,2439097.0,1877.6728252501925,0.03415625552953656,50,89,117,52
3349,3349.0,1295,2440392.0,1878.6697459584295,0.033057258774486585,50,89,117,52
3350,3350.0,1296,2441687.0,1878.2207692307693,0.027535903222904605,50,89,117,52
3351,3351.0,1295,2442982.0,1879.216923076923,0.019639085235473443,50,89,117,52
3352,3352.0,1297,2444279.0,1880.2146153846154,0.01747496304152116,51,89,117,52
3353,3353.0,1297,2445576.0,1881.2123076923076,0.012707875522683664,51,89,117,52
3354,3354.0,1297,2446873.0,1882.21,0.011246221621091936,51,89,117,52
3355,3355.0,1297,2448170.0,1883.2076923076922,0.008642257687869564,51,89,117,52
3356,3356.0,1299,2449469.0,1884.206923076923,0.009350369138449255,51,90,117,52
3357,3357.0,1299,2450768.0,1885.206153846154,0.010918532477481438,51,90,117,52
3358,3358.0,1299,2452067.0,1886.2053846153847,0.012383939802275142,51,90,117,52
3359,3359.0,1299,2453366.0,1887.2046153846154,0.013943872616477034,51,90,117,52
3360,3360.0,1297,2454549.0,1888.1146153846155,0.018960111165762916,51,88,117,52
3361,3361.0,1296,2455769.0,1889.053076923077,0.02119947912620561,51,87,117,52
3362,3362.0,1295,2457008.0,1890.006153846154,0.02414265376670417,51,86,117,52
3363,3363.0,1294,2458267.0,1890.9746153846154,0.02778530037128692,51,85,117,52
3364,3364.0,1293,2459552.0,1891.9630769230769,0.03165855724480539,51,84,117,52
3365,3365.0,1293,2460845.0,1892.9576923076922,0.034037649252267946,51,84,117,52
3366,3366.0,1293,2462138.0,1893.9523076923076,0.03997441304309627,51,84,117,52
3367,3367.0,1294,2463432.0,1894.9476923076923,0.0444864589306844,51,84,117,52
3368,3368.0,1294,2464693.0,1894.4604150653342,0.047562707882351556,51,84,117,52
3369,3369.0,1293,2465986.0,1895.4542659492697,0.052838456505070984,51,84,117,52
3370,3370.0,1294,2467280.0,1896.4488854727133,0.0572091663641194,51,85,117,52
3371,3371.0,1294,2468574.0,1897.443504996157,0.0645420483954149,51,85,117,52
3372,3372.0,1295,2469869.0,1898.4388931591084,0.06848597875211727,51,86,117,52
3373,3373.0,1295,2471164.0,1899.4342813220599,0.07371945751385674,51,86,117,52
3374,3374.0,1295,2472459.0,1901.8915384615384,0.05886528742445921,51,86,117,52
3375,3375.0,1295,2473754.0,1902.8876923076923,0.06151884504490232,51,86,117,52
3376,3376.0,1295,2475049.0,1903.8838461538462,0.06115402302412594,51,86,117,52
3377,3377.0,1295,2476344.0,1906.3464203233257,0.05031670087636009,51,86,117,52
3378,3378.0,1296,2477639.0,1905.8761538461538,0.05266879014455012,51,86,117,52
3379,3379.0,1295,2478934.0,1908.3402617397999,0.04075672950428732,51,86,117,52
3380,3380.0,1295,2480229.0,1909.3371824480369,0.043684877633120886,51,86,117,52
3381,3381.0,1295,2481524.0,1910.334103156274,0.04523133673706897,51,86,117,52
3382,3382.0,1295,2482819.0,1912.8035439137134,0.0355934205828997,51,86,117,52
3383,3383.0,1295,2484114.0,1913.8012326656394,0.03686536840423142,51,86,117,52
3384,3384.0,1295,2485409.0,1914.7989214175655,0.0360623099668803,51,86,117,52
3385,3385.0,1295,2486704.0,1915.7966101694915,0.030227974192333005,51,86,117,52
3386,3386.0,1295,2487999.0,1916.7942989214175,0.02192188792709396,51,86,117,52
3387,3387.0,1296,2489295.0,1917.7927580893684,0.012870272697809364,51,86,117,52
3388,3388.0,1296,2490591.0,1918.791217257319,0.00635677984148162,51,86,117,52
3389,3389.0,1296,2491887.0,1919.7896764252696,0.0007955088372575565,51,86,117,52
3390,3390.0,1297,2493184.0,1920.788906009245,0.0001398358041208391,51,87,117,52
3391,3391.0,1298,2494482.0,1921.788906009245,1.9028537504852864e-05,52,87,117,52
3392,3392.0,1298,2495780.0,1922.788906009245,8.385247802741924e-06,52,87,117,52
3393,3393.0,1298,2497078.0,1923.788906009245,2.6357871253831994e-06,52,87,117,52
3394,3394.0,1299,2498376.0,1923.3071593533487,1.7242929317219122e-06,52,88,117,52
3395,3395.0,1298,2499674.0,1924.306389530408,0.0011506692512987012,52,87,117,52
3396,3396.0,1298,2500972.0,1925.3056197074673,0.00249674309151265,52,87,117,52
3397,3397.0,1298,2502270.0,1926.3048498845264,0.004142706064339598,52,87,117,52
3398,3398.0,1298,2503568.0,1927.3040800615859,0.005427975206509709,52,87,117,52
3399,3399.0,1298,2504567.0,1926.59,0.007579252555733548,51,87,117,52
3400,3400.0,1297,2505565.0,1925.8762490392005,0.01209028112338988,50,87,117,52
3401,3401.0,1295,2506563.0,1926.6433512682552,0.020945922094012363,49,87,117,52
3402,3402.0,1294,2507735.0,1927.544196771714,0.030032413802332496,48,87,117,52
3403,3403.0,1295,2508977.0,1925.5387567152725,0.038403324588588306,47,87,117,52
3404,3404.0,1292,2510256.0,1926.5203376822717,0.04774254007434774,46,87,117,52
3405,3405.0,1292,2511548.0,1927.5118956254796,0.05573500012310173,46,87,117,52
3406,3406.0,1293,2512841.0,1928.504221028396,0.06473644016073869,46,87,117,52
3407,3407.0,1294,2514134.0,1928.0168711656443,0.07122889614270793,46,87,117,52
3408,3408.0,1293,2515427.0,1929.0084355828221,0.07703332219373402,46,87,117,52
3409,3409.0,1295,2516721.0,1928.5218390804598,0.07484625339803325,47,87,117,52
3410,3410.0,1296,2518016.0,1928.0367534456354,0.07419485712646019,48,87,117,52
3411,3411.0,1296,2519312.0,1929.0290964777948,0.0750833929395345,48,87,117,52
3412,3412.0,1297,2520609.0,1930.0222052067381,0.07540819261607849,49,87,117,52
3413,3413.0,1298,2521907.0,1931.0160796324656,0.07488749440144055,49,87,117,52
3414,3414.0,1299,2523206.0,1932.0107197549771,0.077930047042252,49,87,117,52
3415,3415.0,1300,2524505.0,1931.5263963274674,0.08033318775419353,49,87,117,52
3416,3416.0,1299,2525804.0,1932.5202754399388,0.08067241675205655,49,87,117,52
3417,3417.0,1299,2527103.0,1933.51415455241,0.08184424564203895,49,87,117,52
3418,3418.0,1299,2528402.0,1934.5080336648814,0.08084401792805705,49,87,117,52
3419,3419.0,1299,2529701.0,1935.5019127773528,0.07838114637134179,49,87,117,52
3420,3420.0,1299,2531000.0,1936.495791889824,0.07979369970677276,49,87,117,52
3421,3421.0,1299,2532299.0,1937.4896710022954,0.08545476581995842,49,87,117,52
3422,3422.0,1299,2533598.0,1938.4835501147666,0.08931023711319376,49,87,117,52
3423,3423.0,1299,2534897.0,1939.477429227238,0.08499776925230683,49,87,117,52
3424,3424.0,1300,2536196.0,1938.9877675840978,0.08469014249795215,49,87,117,52
3425,3425.0,1299,2537495.0,1939.980886850153,0.08692346088318147,49,87,117,52
3426,3426.0,1300,2538795.0,1940.9747706422017,0.08749996974000138,49,87,117,52
3427,3427.0,1300,2540095.0,1941.9686544342508,0.08875334680051526,49,87,117,52
3428,3428.0,1300,2541395.0,1942.9625382262998,0.09262388921899861,49,87,117,52
3429,3429.0,1300,2542695.0,1943.9564220183486,0.09145355260457332,49,87,117,52
3430,3430.0,1300,2543995.0,1944.9503058103976,0.08856145841467417,49,87,117,52
3431,3431.0,1302,2545296.0,1945.9449541284403,0.06306195959900976,49,87,117,52
3432,3432.0,1301,2546597.0,1948.4292272379496,0.04576736085850522,49,87,117,52
3433,3433.0,1301,2547898.0,1949.424636572303,0.04578563800789321,49,87,117,52
3434,3434.0,1302,2549200.0,1951.9142419601837,0.030555666416583492,49,88,117,52
3435,3435.0,1303,2550503.0,1952.9119448698316,0.03186351773684548,49,89,117,52
3436,3436.0,1303,2551806.0,1953.9096477794794,0.03340451354245437,49,89,117,52
3437,3437.0,1303,2553109.0,1954.907350689127,0.03497218727901298,49,89,117,52
3438,3438.0,1303,2554412.0,1955.9050535987749,0.035463540288203886,49,89,117,52
3439,3439.0,1305,2555715.0,1953.9105504587155,0.03619954191735687,49,90,117,52
3440,3440.0,1304,2557018.0,1953.4132925897632,0.0398532955617696,49,90,117,52
3441,3441.0,1303,2558321.0,1954.4087089381208,0.04681816497060442,49,89,117,52
3442,3442.0,1303,2559624.0,1955.4041252864781,0.05320380974003707,49,89,117,52
3443,3443.0,1303,2560927.0,1956.3995416348357,0.05733353333234864,49,89,117,52
3444,3444.0,1303,2562230.0,1957.3949579831933,0.060440907647100306,49,89,117,52
3445,3445.0,1303,2563533.0,1958.390374331551,0.06316679903427813,49,89,117,52
3446,3446.0,1303,2564836.0,1959.3857906799083,0.06141074457781939,49,89,117,52
3447,3447.0,1303,2566139.0,1960.3812070282659,0.056110325970343926,49,89,117,52
3448,3448.0,1304,2567442.0,1959.879389312977,0.051866322255245866,49,89,117,52
3449,3449.0,1303,2568745.0,1960.8740458015268,0.04539218610109965,49,89,117,52
3450,3450.0,1304,2570049.0,1961.8694656488549,0.039990248441468486,50,89,117,52
3451,3451.0,1304,2571353.0,1962.8648854961832,0.03406668789405268,50,89,117,52
3452,3452.0,1305,2572658.0,1963.8610687022901,0.030115215377083608,50,90,117,52
3453,3453.0,1306,2573964.0,1964.8580152671755,0.029850940307199404,50,90,117,52
3454,3454.0,1306,2575270.0,1965.854961832061,0.026863276678774244,50,90,117,52
3455,3455.0,1307,2576576.0,1965.351639969489,0.02473748728902878,50,90,117,52
3456,3456.0,1307,2577883.0,1966.348588863463,0.025834660180570068,50,90,117,52
3457,3457.0,1308,2579191.0,1967.3463005339436,0.026175350036395262,50,90,117,52
3458,3458.0,1309,2580499.0,1966.84375,0.028519869038219948,50,90,117,52
3459,3459.0,1308,2581807.0,1967.840701219512,0.032433472422847526,50,90,117,52
3460,3460.0,1308,2583115.0,1968.8376524390244,0.0352063737344034,50,90,117,52
3461,3461.0,1308,2584423.0,1969.8346036585365,0.03547712787575146,50,90,117,52
3462,3462.0,1309,2585732.0,1970.8323170731708,0.03259460683279074,50,90,117,52
3463,3463.0,1310,2587041.0,1970.3282559025133,0.030427340407828993,50,90,117,52
3464,3464.0,1309,2588350.0,1971.3252094440213,0.02968099488639085,50,90,117,52
3465,3465.0,1309,2589659.0,1972.3221629855293,0.02825455435550227,50,90,117,52
3466,3466.0,1311,2590969.0,1971.818112633181,0.029191200749901485,50,90,117,52
3467,3467.0,1310,2592277.0,1971.313307984791,0.029758866918408185,50,90,117,52
3468,3468.0,1309,2593586.0,1972.3087452471482,0.028382473868666026,50,90,117,52
3469,3469.0,1309,2594895.0,1973.3041825095056,0.02494339458410797,50,90,117,52
3470,3470.0,1309,2596204.0,1974.299619771863,0.023427799554166767,50,90,117,52
3471,3471.0,1311,2597515.0,1975.2965779467681,0.024529190668505958,50,90,117,52
3472,3472.0,1312,2598827.0,1976.2942965779469,0.028685823366490587,50,91,117,52
3473,3473.0,1312,2600139.0,1977.2920152091256,0.0331067438404449,50,91,117,52
3474,3474.0,1312,2601451.0,1978.2897338403043,0.03470119050304975,50,91,117,52
3475,3475.0,1312,2602763.0,1979.287452471483,0.032831162677860945,50,91,117,52
3476,3476.0,1312,2604075.0,1980.2851711026617,0.031259788358681144,50,91,117,52
3477,3477.0,1313,2605387.0,1979.7773556231002,0.028570644873081266,50,91,117,52
3478,3478.0,1312,2606699.0,1980.7743161094224,0.024569893512907257,50,91,117,52
3479,3479.0,1312,2608011.0,1981.7712765957447,0.023578034211565745,50,91,117,52
3480,3480.0,1314,2609324.0,1981.2634776006075,0.02103665839640193,50,91,117,52
3481,3481.0,1313,2610637.0,1982.2604403948367,0.02078680573336166,50,91,117,52
3482,3482.0,1313,2611950.0,1983.257403189066,0.021562606787356355,50,91,117,52
3483,3483.0,1314,2613264.0,1984.2551252847381,0.024371101215916395,50,91,117,52
3484,3484.0,1314,2614578.0,1985.25284738041,0.02876751899200861,50,91,117,52
3485,3485.0,1314,2615892.0,1986.250569476082,0.029812746767946135,50,91,117,52
3486,3486.0,1314,2617206.0,1987.248291571754,0.02791511038519317,50,91,117,52
3487,3487.0,1315,2618521.0,1988.2467729688688,0.022256135346725856,50,91,117,52
3488,3488.0,1315,2619836.0,1989.2452543659833,0.019037291828434867,50,91,117,52
3489,3489.0,1315,2621151.0,1990.243735763098,0.01563681574538109,50,91,117,52
3490,3490.0,1315,2622466.0,1991.2422171602127,0.012372991177053125,50,91,117,52
3491,3491.0,1315,2623781.0,1992.2406985573273,0.011593140138348551,50,91,117,52
3492,3492.0,1315,2625096.0,1993.2391799544419,0.013223255728973107,50,91,117,52
3493,3493.0,1316,2626412.0,1994.2384206529991,0.015029322757611083,50,91,117,52
3494,3494.0,1317,2627728.0,1993.7238239757207,0.01673802942086669,50,91,117,52
3495,3495.0,1316,2629044.0,1994.722306525038,0.01814413621710829,50,91,117,52
3496,3496.0,1316,2630360.0,1995.720789074355,0.01741178747550968,50,91,117,52
3497,3497.0,1316,2631676.0,1996.7192716236723,0.016401915654374957,50,91,117,52
3498,3498.0,1316,2632992.0,1997.7177541729893,0.0145329311736085,50,91,117,52
3499,3499.0,1316,2634308.0,1998.7162367223066,0.01264690424504822,50,91,117,52
3500,3500.0,1316,2635624.0,1999.7147192716236,0.010439595065412737,50,91,117,52
3501,3501.0,1317,2636940.0,1999.1963608794542,0.010277621254847935,50,91,117,52
3502,3502.0,1317,2638257.0,2000.1948445792266,0.01298415305656502,50,91,117,52
3503,3503.0,1317,2639574.0,2001.1933282789992,0.016653580354905544,50,91,117,52
3504,3504.0,1317,2640891.0,2002.1918119787717,0.01711367711237921,50,91,117,52
3505,3505.0,1317,2642208.0,2003.1902956785443,0.014793227435064825,50,91,117,52
3506,3506.0,1317,2643525.0,2004.188779378317,0.01355587556461346,50,91,117,52
3507,3507.0,1317,2644842.0,2005.1872630780895,0.01209073147088463,50,91,117,52
3508,3508.0,1317,2646159.0,2006.185746777862,0.010998035850922891,50,91,117,52
3509,3509.0,1318,2647477.0,2007.1849886277482,0.01148461646300816,50,91,117,52
3510,3510.0,1318,2648795.0,2008.1842304776346,0.011964521237261912,50,91,117,52
3511,3511.0,1318,2650113.0,2009.1834723275208,0.012088468243240464,50,91,117,52
3512,3512.0,1318,2651431.0,2010.1827141774072,0.01150533783135922,50,91,117,52
3513,3513.0,1318,2652749.0,2011.1819560272934,0.011509614914940198,50,91,117,52
3514,3514.0,1318,2654067.0,2012.1811978771798,0.012348433164795617,50,91,117,52
3515,3515.0,1318,2655385.0,2013.180439727066,0.012071321203982683,50,91,117,52
3516,3516.0,1318,2656703.0,2014.1796815769521,0.011763738281111153,50,91,117,52
3517,3517.0,1318,2658021.0,2015.1789234268385,0.012337642271320176,50,91,117,52
3518,3518.0,1318,2659339.0,2016.1781652767247,0.012361398841582704,50,91,117,52
3519,3519.0,1319,2660657.0,2015.6492424242424,0.011552478396426143,50,91,117,52
3520,3520.0,1318,2661975.0,2016.6477272727273,0.011747491053954374,50,91,117,52
3521,3521.0,1318,2663293.0,2017.646212121212,0.013192113696081614,50,91,117,52
3522,3522.0,1318,2664611.0,2018.644696969697,0.015204838985653984,50,91,117,52
3523,3523.0,1318,2665929.0,2019.6431818181818,0.016930907867855075,50,91,117,52
3524,3524.0,1318,2667247.0,2020.6416666666667,0.019785621368547644,50,91,117,52
3525,3525.0,1318,2668565.0,2021.6401515151515,0.022255301907551896,50,91,117,52
3526,3526.0,1318,2669883.0,2022.6386363636364,0.0257013977290807,50,91,117,52
3527,3527.0,1318,2671201.0,2023.6371212121212,0.028462786984360975,50,91,117,52
3528,3528.0,1319,2672519.0,2023.1029523088569,0.02920911680689115,50,91,117,52
3529,3529.0,1318,2673837.0,2024.100681302044,0.028046399113121713,50,91,117,52
3530,3530.0,1319,2675155.0,2023.5665658093797,0.02748666953855485,50,91,117,52
3531,3531.0,1318,2676473.0,2024.5635400907715,0.029686877496254305,50,91,117,52
3532,3532.0,1318,2677791.0,2025.5605143721634,0.02932481038542969,50,91,117,52
3533,3533.0,1318,2679109.0,2026.5574886535553,0.02845528605731965,50,91,117,52
3534,3534.0,1318,2680427.0,2027.554462934947,0.02980030444306663,50,91,117,52
3535,3535.0,1318,2681745.0,2028.5514372163389,0.03204676843328249,50,91,117,52
3536,3536.0,1318,2683063.0,2029.5484114977307,0.03216865395136825,50,91,117,52
3537,3537.0,1318,2684381.0,2030.5453857791226,0.03074915728961503,50,91,117,52
3538,3538.0,1319,2685700.0,2031.5431164901663,0.031426175695598156,50,91,117,52
3539,3539.0,1319,2687019.0,2032.5408472012102,0.03200608099739868,50,91,117,52
3540,3540.0,1320,2688339.0,2033.5393343419062,0.030229705052750962,50,91,117,52
3541,3541.0,1320,2689659.0,2034.537821482602,0.026927461854208315,50,91,117,52
3542,3542.0,1320,2690979.0,2035.536308623298,0.023245701496210146,50,91,117,52
3543,3543.0,1320,2692299.0,2036.534795763994,0.02012490982426912,50,91,117,52
3544,3544.0,1320,2693619.0,2037.53328290469,0.017989152859364112,50,91,117,52
3545,3545.0,1322,2694940.0,2036.991685563114,0.01803893794281924,50,91,117,52
3546,3546.0,1321,2696261.0,2037.9901738473168,0.019342610142513417,50,91,117,52
3547,3547.0,1321,2697582.0,2038.9886621315193,0.021297503877967708,50,91,117,52
3548,3548.0,1322,2698903.0,2038.4463746223564,0.022456740892984006,50,91,117,52
3549,3549.0,1321,2700224.0,2039.4441087613293,0.020864191854271137,50,91,117,52
3550,3550.0,1321,2701545.0,2040.4418429003022,0.021621248201435687,50,91,117,52
3551,3551.0,1322,2702867.0,2041.440332326284,0.022490771674073016,50,91,117,52
3552,3552.0,1322,2704189.0,2042.4388217522658,0.022006604508262313,50,91,117,52
3553,3553.0,1322,2705511.0,2043.4373111782477,0.01925047692473538,50,91,117,52
3554,3554.0,1322,2706833.0,2044.4358006042296,0.01740487263046362,50,91,117,52
3555,3555.0,1323,2708156.0,2045.4350453172206,0.018092953503121435,50,91,117,52
3556,3556.0,1323,2709479.0,2046.4342900302115,0.017063405098303924,50,91,117,52
3557,3557.0,1323,2710802.0,2047.4335347432025,0.014010968922099576,50,91,117,52
3558,3558.0,1323,2712125.0,2048.432779456193,0.010772222440743478,50,91,117,52
3559,3559.0,1323,2713448.0,2049.4320241691844,0.007373282637234193,50,91,117,52
3560,3560.0,1323,2714771.0,2050.431268882175,0.004402838691557172,50,91,117,52
3561,3561.0,1323,2716094.0,2051.4305135951663,0.001336621234630605,50,91,117,52
3562,3562.0,1324,2717418.0,2052.4305135951663,4.746774532091289e-05,50,91,117,53
3563,3563.0,1324,2718742.0,2053.4305135951663,8.186641800959492e-06,50,91,117,53
3564,3564.0,1324,2720066.0,2054.4305135951663,5.031254752264614e-07,50,91,117,53
3565,3565.0,1324,2721390.0,2055.4305135951663,0.0,50,91,117,53
3566,3566.0,1325,2722714.0,2054.8784905660377,0.0,50,91,117,53
3567,3567.0,1324,2724038.0,2055.8777358490565,0.0014622803029586684,50,91,117,53
3568,3568.0,1325,2725362.0,2055.3257918552035,0.002560102822049064,50,91,117,53
3569,3569.0,1324,2726686.0,2056.3242835595775,0.005620953775531449,50,91,117,53
3570,3570.0,1324,2728010.0,2057.322775263952,0.008058607603386775,50,91,117,53
3571,3571.0,1324,2729334.0,2058.3212669683257,0.010623162836247289,50,91,117,53
3572,3572.0,1324,2730658.0,2059.3197586726997,0.013219754514284433,50,91,117,53
3573,3573.0,1324,2731982.0,2060.318250377074,0.016040067791806067,50,91,117,53
3574,3574.0,1324,2733306.0,2061.316742081448,0.017241376153864195,50,91,117,53
3575,3575.0,1324,2734630.0,2062.315233785822,0.01834529297359201,50,91,117,53
3576,3576.0,1324,2735954.0,2063.3137254901962,0.017177337098812067,50,91,117,53
3577,3577.0,1324,2737278.0,2064.31221719457,0.01477308131803403,50,91,117,53
3578,3578.0,1324,2738602.0,2065.310708898944,0.01135217650487457,50,91,117,53
3579,3579.0,1324,2739926.0,2066.3092006033185,0.01037700455703549,50,91,117,53
3580,3580.0,1325,2741251.0,2067.3084464555054,0.010502078862312766,50,91,117,53
3581,3581.0,1325,2742576.0,2068.3076923076924,0.010869721933753356,50,91,117,53
3582,3582.0,1326,2743901.0,2067.7475508666166,0.010079334342364377,50,91,117,53
3583,3583.0,1326,2745226.0,2067.1882530120483,0.01133118080006376,50,91,117,53
3584,3584.0,1326,2746551.0,2066.629796839729,0.014166508127361211,50,91,117,53
3585,3585.0,1325,2747876.0,2067.626787057938,0.018846870551054593,50,91,117,53
3586,3586.0,1325,2749201.0,2068.6237772761474,0.024573201423452658,50,91,117,53
3587,3587.0,1325,2750526.0,2069.6207674943566,0.023813770847506084,50,91,117,53
3588,3588.0,1325,2751851.0,2070.617757712566,0.026770080609972033,50,91,117,53
3589,3589.0,1326,2753177.0,2071.615500376223,0.029382431093437016,50,91,117,53
3590,3590.0,1326,2754503.0,2072.6132430398798,0.03218550824817239,50,91,117,53
3591,3591.0,1326,2755829.0,2073.6109857035367,0.03412415214685769,50,91,117,53
3592,3592.0,1326,2757155.0,2074.608728367193,0.033157305871509175,50,91,117,53
3593,3593.0,1326,2758481.0,2075.60647103085,0.03155996105145376,50,91,117,53
3594,3594.0,1327,2759807.0,2075.042857142857,0.028697752206741284,50,91,117,53
3595,3595.0,1326,2761133.0,2076.03984962406,0.02422377709563199,50,91,117,53
3596,3596.0,1327,2762459.0,2075.4763335837715,0.019770710397222082,50,91,117,53
3597,3597.0,1326,2763785.0,2076.472577009767,0.01620234662185895,50,91,117,53
3598,3598.0,1328,2765113.0,2077.4703230653645,0.01539441670820551,50,91,117,53
3599,3599.0,1328,2766441.0,2078.468069120962,0.015202983027310067,50,91,117,53
